XXXX 2012 07 26 06 57 47.95  -40.5408  176.1585  27.1 0.0 0.0 NORTH ISLAND, NEW ZEALAND
event name:      2012p560243
time shift:           0.0000
half duration:        0.0000
latitude:           -40.5408
longitude:          176.1585
depth:               27.0898
Mrr:            9.010200E+22
Mtt:           -1.449100E+22
Mpp:           -7.561000E+22
Mrt:            3.651700E+22
Mrp:            2.116100E+23
Mtp:           -2.638500E+22
