XXXX 2013 07 28 13 07 14.82  -41.6215  174.2693   8.9 0.0 0.0 COOK STRAIT, NEW ZEALAND
event name:      2013p563639
time shift:           0.0000
half duration:        0.0000
latitude:           -41.6215
longitude:          174.2693
depth:                8.8672
Mrr:           -1.772000E+21
Mtt:            7.815500E+22
Mpp:           -7.638400E+22
Mrt:           -4.779600E+22
Mrp:            1.430100E+22
Mtp:           -2.017770E+23
