XXXX 2015 10 12 08 05 01.72  -40.5781  176.3257  23.3 0.0 0.0 NORTH ISLAND, NEW ZEALAND
event name:      2015p768477
time shift:           0.0000
half duration:        0.0000
latitude:           -40.5781
longitude:          176.3257
depth:               23.2812
Mrr:            1.986738E+24
Mtt:           -1.289972E+24
Mpp:           -6.967670E+23
Mrt:            3.886160E+23
Mrp:            3.050068E+24
Mtp:           -1.412315E+24
