XXXX 2013 07 07 21 58 46.74  -39.8122  176.6668  30.4 0.0 0.0 NORTH ISLAND, NEW ZEALAND
event name:      2013p507880
time shift:           0.0000
half duration:        0.0000
latitude:           -39.8122
longitude:          176.6668
depth:               30.3882
Mrr:           -1.682740E+23
Mtt:            1.365410E+23
Mpp:            3.173300E+22
Mrt:            4.087900E+22
Mrp:           -1.569700E+22
Mtp:            9.000300E+22
