XXXX 2012 12 31 14 11 11.80  -39.2865  173.6877  10.0 0.0 0.0 OFF W. COAST OF N. ISLAND, N.Z.
event name:      2012p988084
time shift:           0.0000
half duration:        0.0000
latitude:           -39.2865
longitude:          173.6877
depth:               10.0391
Mrr:            3.740000E+20
Mtt:            5.912600E+22
Mpp:           -5.950000E+22
Mrt:            2.273000E+21
Mrp:           -6.400000E+21
Mtp:            6.104400E+22
