XXXX 2012 10 22 12 46 44.42  -38.2586  178.1808  12.9 0.0 0.0 OFF E. COAST OF N. ISLAND, N.Z.
event name:      2012p798736
time shift:           0.0000
half duration:        0.0000
latitude:           -38.2586
longitude:          178.1808
depth:               12.9102
Mrr:            3.164100E+22
Mtt:            4.182500E+22
Mpp:           -7.346600E+22
Mrt:           -2.668900E+22
Mrp:           -5.985600E+22
Mtp:            2.874000E+21
