XXXX 2004 05 11 23 22 03.43  -38.0250  178.1777   5.0 0.0 0.0 OFF E. COAST OF N. ISLAND, N.Z.
event name:          2228901
time shift:           0.0000
half duration:        0.0000
latitude:           -38.0250
longitude:          178.1777
depth:                5.0000
Mrr:           -1.518180E+23
Mtt:            5.278000E+21
Mpp:            1.465400E+23
Mrt:           -1.280000E+20
Mrp:           -1.117590E+23
Mtp:            3.848300E+22
