XXXX 2013 07 18 21 06 39.07  -41.5456  174.4046  20.6 0.0 0.0 COOK STRAIT, NEW ZEALAND
event name:      2013p537512
time shift:           0.0000
half duration:        0.0000
latitude:           -41.5456
longitude:          174.4046
depth:               20.6445
Mrr:            1.432935E+24
Mtt:            5.299140E+23
Mpp:           -1.962849E+24
Mrt:           -4.669510E+23
Mrp:            1.903940E+23
Mtp:           -1.387630E+23
