XXXX 2019 10 01 05 16 41.17  -39.1578  177.7724  22.0 0.0 0.0 OFF E. COAST OF N. ISLAND, N.Z.
event name:      2019p738432
time shift:           0.0000
half duration:        0.0000
latitude:           -39.1578
longitude:          177.7724
depth:               22.0042
Mrr:           -6.731860E+23
Mtt:            2.110480E+23
Mpp:            4.621380E+23
Mrt:            2.878070E+23
Mrp:           -5.062000E+21
Mtp:           -2.024230E+23
