XXXX 2016 04 11 19 41 06.57  -40.8930  175.4944  23.9 0.0 0.0 NORTH ISLAND, NEW ZEALAND
event name:      2016p275188
time shift:           0.0000
half duration:        0.0000
latitude:           -40.8930
longitude:          175.4944
depth:               23.8672
Mrr:           -2.074310E+23
Mtt:            1.472820E+23
Mpp:            6.014900E+22
Mrt:            2.187090E+23
Mrp:            1.294410E+23
Mtp:            5.773700E+22
