XXXX 2019 10 07 03 29 48.37  -38.2643  177.3337  38.1 0.0 0.0 NORTH ISLAND, NEW ZEALAND
event name:      2019p754447
time shift:           0.0000
half duration:        0.0000
latitude:           -38.2643
longitude:          177.3337
depth:               38.1447
Mrr:           -2.956500E+22
Mtt:            7.512600E+22
Mpp:           -4.556100E+22
Mrt:           -2.338300E+22
Mrp:            8.826600E+22
Mtp:            4.534060E+23
