XXXX 2014 03 31 01 53 19.67  -39.9670  176.5349  13.1 0.0 0.0 NORTH ISLAND, NEW ZEALAND
event name:      2014p240753
time shift:           0.0000
half duration:        0.0000
latitude:           -39.9670
longitude:          176.5349
depth:               13.1445
Mrr:            4.585400E+22
Mtt:            2.206000E+21
Mpp:           -4.806000E+22
Mrt:            1.103000E+21
Mrp:           -4.733000E+21
Mtp:           -2.844400E+22
