XXXX 2016 11 13 19 28 56.93  -42.3638  174.0193   5.0 0.0 0.0 OFF E. COAST OF S. ISLAND, N.Z.
event name:      2016p858951
time shift:           0.0000
half duration:        0.0000
latitude:           -42.3638
longitude:          174.0193
depth:                5.0000
Mrr:            1.500679E+24
Mtt:            1.217207E+24
Mpp:           -2.717885E+24
Mrt:            7.649870E+23
Mrp:           -1.751915E+24
Mtp:           -4.024213E+24
