XXXX 2010 11 28 01 22 13.14  -40.8818  175.5448  25.2 0.0 0.0 NORTH ISLAND, NEW ZEALAND
event name:          3413873
time shift:           0.0000
half duration:        0.0000
latitude:           -40.8818
longitude:          175.5448
depth:               25.1904
Mrr:           -1.774930E+23
Mtt:            1.227520E+23
Mpp:            5.474000E+22
Mrt:            1.293740E+23
Mrp:            2.802260E+23
Mtp:            9.667000E+22
