XXXX 2011 07 04 08 36 51.68  -40.7918  177.0092  12.0 0.0 0.0 OFF E. COAST OF N. ISLAND, N.Z.
event name:          3540318
time shift:           0.0000
half duration:        0.0000
latitude:           -40.7918
longitude:          177.0092
depth:               12.0000
Mrr:            1.734210E+23
Mtt:           -3.443000E+22
Mpp:           -1.389910E+23
Mrt:            4.843200E+22
Mrp:           -2.688000E+22
Mtp:           -1.145640E+23
