XXXX 2016 05 11 19 55 18.24  -40.9171  175.4226  27.3 0.0 0.0 NORTH ISLAND, NEW ZEALAND
event name:      2016p356297
time shift:           0.0000
half duration:        0.0000
latitude:           -40.9171
longitude:          175.4226
depth:               27.2656
Mrr:           -2.495370E+23
Mtt:            1.407080E+23
Mpp:            1.088290E+23
Mrt:            1.501310E+23
Mrp:            1.649010E+23
Mtp:            5.742400E+22
