XXXX 2006 07 08 11 27 17.73  -39.1796  176.8228  32.8 0.0 0.0 NORTH ISLAND, NEW ZEALAND
event name:          2593170
time shift:           0.0000
half duration:        0.0000
latitude:           -39.1796
longitude:          176.8228
depth:               32.7888
Mrr:           -5.693920E+23
Mtt:           -6.291100E+22
Mpp:            6.323020E+23
Mrt:            1.508360E+23
Mrp:           -3.146200E+23
Mtp:            3.818930E+23
