XXXX 2005 01 18 08 36 04.24  -41.4634  175.7893  18.8 0.0 0.0 NORTH ISLAND, NEW ZEALAND
event name:          2352986
time shift:           0.0000
half duration:        0.0000
latitude:           -41.4634
longitude:          175.7893
depth:               18.7637
Mrr:           -1.159200E+23
Mtt:            2.015060E+23
Mpp:           -8.558600E+22
Mrt:           -6.193300E+22
Mrp:            5.407880E+23
Mtp:           -2.713110E+23
