XXXX 2004 07 18 04 22 22.73  -38.0054  176.5141   5.0 0.0 0.0 NORTH ISLAND, NEW ZEALAND
event name:          2266243
time shift:           0.0000
half duration:        0.0000
latitude:           -38.0054
longitude:          176.5141
depth:                5.0000
Mrr:           -4.584470E+23
Mtt:           -8.280850E+23
Mpp:            1.286532E+24
Mrt:            4.664960E+23
Mrp:            7.715200E+23
Mtp:            7.999080E+23
