XXXX 2017 04 19 03 08 42.63  -38.5124  177.6911  38.0 0.0 0.0 NORTH ISLAND, NEW ZEALAND
event name:      2017p292246
time shift:           0.0000
half duration:        0.0000
latitude:           -38.5124
longitude:          177.6911
depth:               38.0469
Mrr:            3.523100E+22
Mtt:            6.279100E+22
Mpp:           -9.802200E+22
Mrt:            3.472000E+21
Mrp:            8.375300E+22
Mtp:            3.233320E+23
