XXXX 2019 04 03 01 42 43.08  -39.2032  178.0928  13.4 0.0 0.0 OFF E. COAST OF N. ISLAND, N.Z.
event name:      2019p248841
time shift:           0.0000
half duration:        0.0000
latitude:           -39.2032
longitude:          178.0928
depth:               13.3956
Mrr:           -3.511400E+22
Mtt:           -2.603700E+22
Mpp:            6.115100E+22
Mrt:           -9.088000E+21
Mrp:            6.345000E+21
Mtp:            6.312900E+22
