XXXX 2017 11 12 10 28 56.35  -41.1744  174.4270  35.7 0.0 0.0 COOK STRAIT, NEW ZEALAND
event name:      2017p852531
time shift:           0.0000
half duration:        0.0000
latitude:           -41.1744
longitude:          174.4270
depth:               35.7031
Mrr:           -5.081900E+22
Mtt:            3.014400E+22
Mpp:            2.067400E+22
Mrt:            1.418100E+22
Mrp:            1.685600E+22
Mtp:            2.232300E+22
