XXXX 2016 02 09 00 39 00.12  -42.0683  173.0748  48.1 0.0 0.0 SOUTH ISLAND, NEW ZEALAND
event name:      2016p105478
time shift:           0.0000
half duration:        0.0000
latitude:           -42.0683
longitude:          173.0748
depth:               48.1250
Mrr:            2.663000E+21
Mtt:            6.798600E+22
Mpp:           -7.065000E+22
Mrt:            5.539810E+23
Mrp:           -6.706900E+22
Mtp:            4.431400E+23
