XXXX 2015 11 01 05 42 11.67  -39.3894  175.9597  54.9 0.0 0.0 NORTH ISLAND, NEW ZEALAND
event name:      2015p822263
time shift:           0.0000
half duration:        0.0000
latitude:           -39.3894
longitude:          175.9597
depth:               54.9219
Mrr:           -3.990430E+23
Mtt:            5.569120E+23
Mpp:           -1.578700E+23
Mrt:            8.737170E+23
Mrp:            6.090520E+23
Mtp:            1.228500E+22
