XXXX 2014 12 19 12 51 22.48  -38.2520  177.9926  33.1 0.0 0.0 NORTH ISLAND, NEW ZEALAND
event name:      2014p952799
time shift:           0.0000
half duration:        0.0000
latitude:           -38.2520
longitude:          177.9926
depth:               33.0664
Mrr:           -5.047300E+22
Mtt:            4.509000E+22
Mpp:            5.383000E+21
Mrt:            1.509900E+22
Mrp:            1.543870E+23
Mtp:            6.078400E+22
