XXXX 2015 04 14 00 24 09.66  -37.9226  178.3544   9.6 0.0 0.0 OFF E. COAST OF N. ISLAND, N.Z.
event name:      2015p278423
time shift:           0.0000
half duration:        0.0000
latitude:           -37.9226
longitude:          178.3544
depth:                9.6289
Mrr:            1.837700E+22
Mtt:           -5.414400E+22
Mpp:            3.576700E+22
Mrt:           -5.700900E+22
Mrp:           -3.606800E+22
Mtp:            2.012800E+22
