XXXX 2010 09 06 22 48 33.66  -40.3884  176.7229  21.1 0.0 0.0 NORTH ISLAND, NEW ZEALAND
event name:          3367989
time shift:           0.0000
half duration:        0.0000
latitude:           -40.3884
longitude:          176.7229
depth:               21.1418
Mrr:            3.027430E+23
Mtt:            3.037500E+22
Mpp:           -3.331180E+23
Mrt:            3.711000E+22
Mrp:            5.489400E+22
Mtp:           -2.612760E+23
