XXXX 2010 07 11 13 23 40.27  -38.9590  177.3599  33.0 0.0 0.0 NORTH ISLAND, NEW ZEALAND
event name:          3337804
time shift:           0.0000
half duration:        0.0000
latitude:           -38.9590
longitude:          177.3599
depth:               33.0000
Mrr:           -3.158090E+23
Mtt:           -7.200000E+20
Mpp:            3.165280E+23
Mrt:           -1.488130E+23
Mrp:            1.563760E+23
Mtp:            3.563350E+23
