XXXX 2017 10 22 04 10 59.67  -42.3581  173.4589   8.3 0.0 0.0 SOUTH ISLAND, NEW ZEALAND
event name:      2017p795065
time shift:           0.0000
half duration:        0.0000
latitude:           -42.3581
longitude:          173.4589
depth:                8.2747
Mrr:            1.691250E+23
Mtt:            1.469390E+23
Mpp:           -3.160640E+23
Mrt:           -4.845700E+22
Mrp:            1.670290E+23
Mtp:           -2.984310E+23
