 PDE 2017  9  3  3 38 31.81 41.334 129.031 1.0 4.2 4.2 NK6b
event name:     NK6b
time shift:     00.0000
half duration:  00.0000
latitude:       41.3324
longitude:     129.00297
depth:           1.0000
Mrr:      -2.018451e+22 
Mtt:      -2.067246e+22 
Mpp:      -2.059213e+22 
Mrt:      -5.213258e+20 
Mrp:       7.396639e+20 
Mtp:       8.590844e+20
