 PDEW2017  8  8 23 27 53.10  44.3000   82.8300  20.0 0.0 6.3 NORTHERN XINJIANG, CHINA
event name:     201708082327A  
time shift:      0.0000
half duration:   0.0000
latitude:       44.4000
longitude:      82.7400
depth:          27.5800
Mrr:       3.560000e+25
Mtt:      -4.060000e+25
Mpp:       5.050001e+24
Mrt:      -3.650000e+24
Mrp:      -1.250000e+25
Mtp:      -6.380000e+24
