XXXX 2026  3  7  8 19 22.92   0.0000    0.0000   0.0 5.0 5.0 lune_ipts4_iref5_002
event name: lune_ipts4_iref5_002
time shift:      0.0000
half duration:   0.0000
latitude:        0.0000
longitude:       0.0000
depth:           0.0000
Mrr:       4.043085e+23
Mtt:      -2.113424e+23
Mpp:       2.454008e+22
Mrt:      -5.817707e+22
Mrp:       1.251911e+23
Mtp:      -1.892588e+23
