XXXX 2026  3  7  8 19 22.92   0.0000    0.0000   0.0 5.0 5.0 lune_ipts4_iref5_023
event name: lune_ipts4_iref5_023
time shift:      0.0000
half duration:   0.0000
latitude:        0.0000
longitude:       0.0000
depth:           0.0000
Mrr:       4.867424e+23
Mtt:       1.823482e+22
Mpp:       1.385767e+23
Mrt:      -6.603969e+22
Mrp:       1.332284e+23
Mtp:      -9.436490e+22
