XXXX 2026  3  7  8 19 22.92   0.0000    0.0000   0.0 5.0 5.0 lune_ipts4_iref5_024
event name: lune_ipts4_iref5_024
time shift:      0.0000
half duration:   0.0000
latitude:        0.0000
longitude:       0.0000
depth:           0.0000
Mrr:       4.741261e+23
Mtt:      -6.541347e+22
Mpp:       9.499988e+22
Mrt:      -6.802208e+22
Mrp:       1.394244e+23
Mtp:      -1.269920e+23
