XXXX 2026  3  7  8 19 22.92   0.0000    0.0000   0.0 5.0 5.0 lune_ipts4_iref5_022
event name: lune_ipts4_iref5_022
time shift:      0.0000
half duration:   0.0000
latitude:        0.0000
longitude:       0.0000
depth:           0.0000
Mrr:       4.821364e+23
Mtt:       1.012379e+23
Mpp:       1.772504e+23
Mrt:      -6.172065e+22
Mrp:       1.223185e+23
Mtp:      -5.839895e+22
