XXXX 2026  3  7  8 19 22.92   0.0000    0.0000   0.0 5.0 5.0 lune_ipts4_iref5_011
event name: lune_ipts4_iref5_011
time shift:      0.0000
half duration:   0.0000
latitude:        0.0000
longitude:       0.0000
depth:           0.0000
Mrr:       4.787220e+23
Mtt:       1.243918e+23
Mpp:       1.611068e+23
Mrt:      -6.992303e+22
Mrp:       1.355977e+23
Mtp:      -2.579064e+22
