XXXX 2026  3  7  8 19 22.92   0.0000    0.0000   0.0 5.0 5.0 lune_ipts4_iref5_003
event name: lune_ipts4_iref5_003
time shift:      0.0000
half duration:   0.0000
latitude:        0.0000
longitude:       0.0000
depth:           0.0000
Mrr:       4.480045e+23
Mtt:      -1.209435e+23
Mpp:       9.704506e+22
Mrt:      -5.376379e+22
Mrp:       1.156942e+23
Mtp:      -1.749017e+23
