XXXX 2026  3  7  8 19 22.92   0.0000    0.0000   0.0 5.0 5.0 lune_ipts4_iref5_016
event name: lune_ipts4_iref5_016
time shift:      0.0000
half duration:   0.0000
latitude:        0.0000
longitude:       0.0000
depth:           0.0000
Mrr:       3.629669e+23
Mtt:      -2.274570e+23
Mpp:      -1.355099e+23
Mrt:      -1.051932e+23
Mrp:       2.062070e+23
Mtp:      -6.880154e+22
