XXXX 2026  3  7  8 19 22.92   0.0000    0.0000   0.0 5.0 5.0 lune_ipts4_iref5_007
event name: lune_ipts4_iref5_007
time shift:      0.0000
half duration:   0.0000
latitude:        0.0000
longitude:       0.0000
depth:           0.0000
Mrr:       3.933924e+23
Mtt:       2.528649e+23
Mpp:       3.067070e+23
Mrt:      -1.327940e+22
Mrp:       2.857590e+22
Mtp:      -4.319989e+22
