XXXX 2026  3  7  8 19 22.92   0.0000    0.0000   0.0 5.0 5.0 lune_ipts4_iref5_012
event name: lune_ipts4_iref5_012
time shift:      0.0000
half duration:   0.0000
latitude:        0.0000
longitude:       0.0000
depth:           0.0000
Mrr:       4.840128e+23
Mtt:       3.969686e+22
Mpp:       8.573594e+22
Mrt:      -8.768071e+22
Mrp:       1.700341e+23
Mtp:      -3.234044e+22
