XXXX 2026  3  7  8 19 22.92   0.0000    0.0000   0.0 5.0 5.0 lune_ipts4_iref5_006
event name: lune_ipts4_iref5_006
time shift:      0.0000
half duration:   0.0000
latitude:        0.0000
longitude:       0.0000
depth:           0.0000
Mrr:       4.412279e+23
Mtt:       1.672305e+23
Mpp:       2.722108e+23
Mrt:      -2.589189e+22
Mrp:       5.571668e+22
Mtp:      -8.423021e+22
