 PDE 2019 03 28 08 40 04.16   66.2456 -157.1856   5.9 4.1 4.1 NORTHERN ALASKA
event name:70 km NNW of Huslia, Alaska
time shift: -1553762404.1580
half duration:        1.0000
latitude:            66.2456
longitude:         -157.1856
depth:                8.0000
Mrr:           -1.292000E+21
Mtt:            9.277000E+21
Mpp:           -7.986000E+21
Mrt:            3.827000E+21
Mrp:           -2.087000E+21
Mtp:           -1.268500E+22
