 PDE 2019 03 10 04 07 47.19   69.6304 -145.4573  13.1 4.2 4.2 NORTHERN ALASKA
event name:89 km SW of Kaktovik, Alaska
time shift: -1552190867.1930
half duration:        1.0000
latitude:            69.6304
longitude:         -145.4573
depth:                4.0000
Mrr:           -5.836000E+21
Mtt:           -6.721000E+21
Mpp:            1.255700E+22
Mrt:            4.237000E+21
Mrp:            6.530000E+20
Mtp:           -9.806000E+21
