 PDE 2019 02 26 04 09 41.23   66.2715 -157.2256  13.1 4.0 4.0 NORTHERN ALASKA
event name:68 km S of Shungnak, Alaska
time shift: -1551154181.2270
half duration:        1.0000
latitude:            66.2715
longitude:         -157.2256
depth:                8.0000
Mrr:           -1.033000E+21
Mtt:            3.990000E+21
Mpp:           -2.958000E+21
Mrt:            1.624000E+21
Mrp:            1.553000E+21
Mtp:           -1.034700E+22
