 PDE 2019 11 09 13 26 10.87   67.0627 -154.2455   4.4 4.7 4.7 NORTHERN ALASKA
event name:88 km NW of Alatna, Alaska
time shift: -1573305970.8690
half duration:        1.0000
latitude:            67.0627
longitude:         -154.2455
depth:               16.0000
Mrr:            1.004200E+22
Mtt:           -6.379000E+22
Mpp:            5.374800E+22
Mrt:            3.258600E+22
Mrp:           -2.427100E+22
Mtp:           -5.310400E+22
