 PDE 2016 02 22 02 30 44.24   69.1522 -144.4676  20.7 4.1 4.1 NORTHERN ALASKA
event name:114 km SSW of Kaktovik, Alaska
time shift:          -0.2450
half duration:        1.0000
latitude:            69.2600
longitude:         -144.7000
depth:               13.0000
Mrr:           -2.840000E+21
Mtt:            7.720000E+21
Mpp:           -4.880000E+21
Mrt:            2.630000E+21
Mrp:            5.790000E+21
Mtp:           -1.380000E+22
