 PDE 2018 08 18 04 52 57.33   69.6389 -145.2582  15.7 4.1 4.1 NORTHERN ALASKA
event name:83 km SW of Kaktovik, Alaska
time shift: -1534567977.3290
half duration:        1.0000
latitude:            69.6389
longitude:         -145.2582
depth:               11.0000
Mrr:            2.927000E+21
Mtt:           -4.592000E+21
Mpp:            1.665000E+21
Mrt:            0.000000E+00
Mrp:            2.806000E+21
Mtp:           -1.371700E+22
