 PDE 2018 09 01 06 41 19.71   69.5759 -144.9367  19.1 4.5 4.5 NORTHERN ALASKA
event name:79 km SW of Kaktovik, Alaska
time shift: -1535784079.7110
half duration:        1.0000
latitude:            69.5759
longitude:         -144.9367
depth:               11.0000
Mrr:           -7.266000E+21
Mtt:           -1.667900E+22
Mpp:            2.394500E+22
Mrt:            2.214100E+22
Mrp:            1.385700E+22
Mtp:           -6.089500E+22
