 PDE 2019 04 23 15 32 43.55   66.2801 -157.2054   7.1 4.6 4.6 NORTHERN ALASKA
event name:67 km S of Shungnak, Alaska
time shift:          -0.1550
half duration:        1.0000
latitude:            66.2945
longitude:         -157.0000
depth:               11.5000
Mrr:           -4.156000E+21
Mtt:            2.001600E+22
Mpp:           -1.585900E+22
Mrt:           -8.511000E+21
Mrp:            1.499800E+22
Mtp:           -4.945400E+22
