 PDE 2018 12 18 02 31 43.41   69.5301 -144.9286  13.8 4.3 4.3 NORTHERN ALASKA
event name:83 km SW of Kaktovik, Alaska
time shift: -1545100303.4070
half duration:        1.0000
latitude:            69.5301
longitude:         -144.9286
depth:               14.0000
Mrr:            6.031000E+21
Mtt:           -1.004000E+22
Mpp:            4.009000E+21
Mrt:            6.244000E+21
Mrp:            1.472300E+22
Mtp:           -3.657300E+22
