 PDE 2019 07 08 23 20 27.20   69.1057 -144.6222  13.4 4.2 4.2 NORTHERN ALASKA
event name:115 km NNE of Arctic Village, Alaska
time shift: -1562628027.2000
half duration:        1.0000
latitude:            69.1057
longitude:         -144.6222
depth:                9.0000
Mrr:           -1.057000E+21
Mtt:           -3.540000E+20
Mpp:            1.411000E+21
Mrt:            1.920000E+21
Mrp:            6.863000E+21
Mtp:           -1.842900E+22
