 PDE 2019 01 12 17 14 06.99   69.1308 -144.6465  12.9 4.2 4.2 NORTHERN ALASKA
event name:117 km NNE of Arctic Village, Alaska
time shift: -1547313246.9900
half duration:        1.0000
latitude:            69.1308
longitude:         -144.6465
depth:               17.0000
Mrr:            2.974000E+21
Mtt:           -3.795000E+21
Mpp:            8.220000E+20
Mrt:            3.769000E+21
Mrp:           -7.900000E+19
Mtp:           -1.747000E+22
