 PDE 2018 08 20 09 33 47.98   69.5780 -145.1990   9.8 4.5 4.5 NORTHERN ALASKA
event name:86 km SW of Kaktovik, Alaska
time shift: -1534757627.9830
half duration:        1.0000
latitude:            69.5780
longitude:         -145.1990
depth:                5.0000
Mrr:           -1.314300E+22
Mtt:           -3.232200E+22
Mpp:            4.546500E+22
Mrt:            1.590000E+20
Mrp:           -5.192000E+21
Mtp:           -1.746700E+22
