 PDE 2018 08 13 19 36 08.77   69.5469 -144.4590  17.3 4.9 4.9 NORTHERN ALASKA
event name:72 km SSW of Kaktovik, Alaska
time shift: -1534188968.7660
half duration:        1.0000
latitude:            69.5469
longitude:         -144.4590
depth:                8.0000
Mrr:           -1.056000E+22
Mtt:           -3.864000E+22
Mpp:            4.919000E+22
Mrt:           -2.029000E+22
Mrp:           -3.926000E+22
Mtp:           -1.169900E+23
