 PDE 2018 08 16 07 22 38.86   69.4617 -144.2317   7.0 4.5 4.5 NORTHERN ALASKA
event name:78 km SSW of Kaktovik, Alaska
time shift: -1534404158.8640
half duration:        1.0000
latitude:            69.4617
longitude:         -144.2317
depth:                6.0000
Mrr:           -1.688700E+22
Mtt:           -2.327000E+22
Mpp:            4.015700E+22
Mrt:            1.312500E+22
Mrp:            1.785000E+21
Mtp:           -4.859200E+22
