 PDE 2016 04 12 20 50 00.83   67.6364 -162.8356  13.7 4.3 4.3 NORTHERN ALASKA
event name:9 km NE of Noatak, Alaska
time shift:          -0.8350
half duration:        1.0000
latitude:            67.6369
longitude:         -162.8311
depth:               15.0000
Mrr:            1.237100E+22
Mtt:            8.275000E+21
Mpp:           -2.064600E+22
Mrt:            1.245500E+22
Mrp:            6.516000E+21
Mtp:           -2.859600E+22
