 PDE 2018 08 13 09 56 58.70   69.5355 -144.7871   7.3 4.5 4.5 NORTHERN ALASKA
event name:80 km SSW of Kaktovik, Alaska
time shift: -1534154218.7020
half duration:        1.0000
latitude:            69.5355
longitude:         -144.7871
depth:                4.0000
Mrr:            1.171300E+22
Mtt:           -1.078100E+22
Mpp:           -9.310000E+20
Mrt:           -6.389000E+21
Mrp:           -6.374000E+21
Mtp:           -4.551600E+22
