 PDE 2020 03 18 15 31 33.20   66.2877 -157.2513   8.6 5.0 5.0 NORTHERN ALASKA
event name:67 km S of Shungnak, Alaska
time shift:          -0.1950
half duration:        1.0000
latitude:            66.3200
longitude:         -157.2100
depth:               12.0000
Mrr:           -7.600000E+21
Mtt:            2.080000E+22
Mpp:           -1.320000E+22
Mrt:            6.700000E+21
Mrp:            4.360000E+22
Mtp:           -1.180000E+23
