 PDE 2020 04 20 21 02 13.46   69.4079 -144.1290   5.7 4.1 4.1 NORTHERN ALASKA
event name:83 km SSW of Kaktovik, Alaska
time shift: -1587416533.4650
half duration:        1.0000
latitude:            69.4079
longitude:         -144.1290
depth:               13.0000
Mrr:           -1.534000E+21
Mtt:           -7.608000E+21
Mpp:            9.143000E+21
Mrt:           -4.270000E+20
Mrp:            4.396000E+21
Mtp:           -5.593000E+21
