 PDE 2019 01 14 00 41 19.26   69.6240 -145.0273   5.6 4.9 4.9 NORTHERN ALASKA
event name:78 km SW of Kaktovik, Alaska
time shift: -1547426479.2580
half duration:        1.0000
latitude:            69.6240
longitude:         -145.0273
depth:                5.0000
Mrr:           -6.072000E+21
Mtt:           -9.273000E+21
Mpp:            1.534500E+22
Mrt:           -1.653400E+22
Mrp:           -1.337800E+22
Mtp:           -7.388800E+22
