 PDE 2018 10 15 21 54 35.65   69.0217 -146.1286  12.0 4.0 4.0 NORTHERN ALASKA
event name:102 km NNW of Arctic Village, Alaska
time shift: -1539640475.6510
half duration:        1.0000
latitude:            69.0217
longitude:         -146.1286
depth:                4.0000
Mrr:           -1.261000E+21
Mtt:           -7.164000E+21
Mpp:            8.425000E+21
Mrt:           -6.820000E+20
Mrp:           -2.501000E+21
Mtp:           -5.887000E+21
