 PDE 2018 10 18 00 17 10.97   69.0211 -146.3403   7.4 4.1 4.1 NORTHERN ALASKA
event name:  northern Alaska
time shift: -1539821830.9720
half duration:        1.0000
latitude:            69.0211
longitude:         -146.3403
depth:                4.0000
Mrr:           -1.377000E+21
Mtt:           -6.346000E+21
Mpp:            7.723000E+21
Mrt:            4.690000E+21
Mrp:            2.772000E+21
Mtp:           -1.318800E+22
