 PDE 2019 01 09 06 51 39.56   69.1016 -144.6726  14.6 4.5 4.5 NORTHERN ALASKA
event name:114 km NNE of Arctic Village, Alaska
time shift: -1547016699.5590
half duration:        1.0000
latitude:            69.1016
longitude:         -144.6726
depth:               10.0000
Mrr:            6.860000E+20
Mtt:           -5.690000E+20
Mpp:           -1.170000E+20
Mrt:            7.382000E+21
Mrp:            1.055200E+22
Mtp:           -3.850900E+22
