 PDE 2018 08 18 07 06 01.30   69.4867 -144.2256  10.6 4.2 4.2 NORTHERN ALASKA
event name:75 km SSW of Kaktovik, Alaska
time shift: -1534575961.2990
half duration:        1.0000
latitude:            69.4867
longitude:         -144.2256
depth:                8.0000
Mrr:           -2.729000E+21
Mtt:           -4.373000E+21
Mpp:            7.102000E+21
Mrt:           -1.210000E+20
Mrp:            1.011700E+22
Mtp:           -1.923500E+22
