 PDE 2018 08 12 16 44 38.88   69.4706 -144.5926   2.6 4.1 4.1 NORTHERN ALASKA
event name:82 km SSW of Kaktovik, Alaska
time shift: -1534092278.8840
half duration:        1.0000
latitude:            69.4706
longitude:         -144.5926
depth:                5.0000
Mrr:           -4.049000E+21
Mtt:           -9.170000E+20
Mpp:            4.967000E+21
Mrt:           -2.720000E+20
Mrp:           -1.526000E+21
Mtp:           -2.429500E+22
