 PDE 2018 08 12 23 30 02.78   69.3481 -144.1032  10.0 4.2 4.2 NORTHERN ALASKA
event name:89 km SSW of Kaktovik, Alaska
time shift: -1534116602.7760
half duration:        1.0000
latitude:            69.3481
longitude:         -144.1032
depth:               13.0000
Mrr:           -2.665000E+21
Mtt:           -1.296400E+22
Mpp:            1.562900E+22
Mrt:           -4.454000E+21
Mrp:           -3.148000E+21
Mtp:           -1.066200E+22
