 PDE 2018 08 23 04 30 38.99   69.4957 -144.3146  11.7 4.5 4.5 NORTHERN ALASKA
event name:75 km SSW of Kaktovik, Alaska
time shift:           1.0130
half duration:        1.0000
latitude:            69.5200
longitude:         -144.3000
depth:               17.0000
Mrr:            2.310000E+22
Mtt:           -3.920000E+22
Mpp:            1.610000E+22
Mrt:            2.600000E+22
Mrp:           -1.970000E+22
Mtp:           -2.930000E+22
