 PDE 2014 06 16 12 01 07.67   67.6691 -162.3165  15.3 5.7 5.7 NORTHERN ALASKA
event name:29 km ENE of Noatak, Alaska
time shift:           3.3300
half duration:        1.0000
latitude:            67.8200
longitude:         -162.3500
depth:               15.5000
Mrr:           -3.344000E+24
Mtt:            2.433000E+24
Mpp:            9.110000E+23
Mrt:           -7.280000E+23
Mrp:            1.863000E+24
Mtp:           -2.078000E+24
