 PDE 2019 06 15 06 31 35.80   66.2949 -157.2078   6.3 4.5 4.5 NORTHERN ALASKA
event name:66 km S of Shungnak, Alaska
time shift: -1560580295.7970
half duration:        1.0000
latitude:            66.2949
longitude:         -157.2078
depth:                8.0000
Mrr:           -6.043200E+22
Mtt:            5.572800E+22
Mpp:            4.704000E+21
Mrt:            6.658000E+21
Mrp:            3.734700E+22
Mtp:           -5.187400E+22
