 PDE 2018 08 16 06 32 29.93   69.4912 -144.4176   9.3 4.3 4.3 NORTHERN ALASKA
event name:77 km SSW of Kaktovik, Alaska
time shift: -1534401149.9300
half duration:        1.0000
latitude:            69.4912
longitude:         -144.4176
depth:                3.0000
Mrr:           -3.333800E+22
Mtt:            9.255000E+21
Mpp:            2.408300E+22
Mrt:           -1.480100E+22
Mrp:            7.453000E+21
Mtp:           -1.423300E+22
