 PDE 2019 01 14 14 23 13.57   69.5990 -145.0687  15.8 4.1 4.1 NORTHERN ALASKA
event name:81 km SW of Kaktovik, Alaska
time shift: -1547475793.5660
half duration:        1.0000
latitude:            69.5990
longitude:         -145.0687
depth:               20.0000
Mrr:           -7.646000E+21
Mtt:           -8.299000E+21
Mpp:            1.594500E+22
Mrt:           -5.430000E+20
Mrp:            2.083000E+21
Mtp:           -7.244000E+21
