 PDE 2019 05 03 11 52 25.39   66.2263 -157.1841   5.7 4.0 4.0 NORTHERN ALASKA
event name:68 km NNW of Huslia, Alaska
time shift: -1556884345.3850
half duration:        1.0000
latitude:            66.2263
longitude:         -157.1841
depth:                9.0000
Mrr:            1.033000E+21
Mtt:            7.825000E+21
Mpp:           -8.858000E+21
Mrt:            3.724000E+21
Mrp:           -3.398000E+21
Mtp:           -1.569100E+22
