 PDE 2015 04 03 08 29 30.29   67.5484 -145.6949  10.7 4.6 4.6 NORTHERN ALASKA
event name:64 km S of Arctic Village, Alaska
time shift:           1.7070
half duration:        1.0000
latitude:            67.6300
longitude:         -145.7600
depth:               11.5000
Mrr:            1.787000E+22
Mtt:           -7.255000E+22
Mpp:            5.467000E+22
Mrt:            2.926000E+22
Mrp:           -2.573000E+22
Mtp:           -4.839000E+22
