 PDE 2019 12 16 12 17 43.56   69.5574 -144.8593  10.6 4.4 4.4 NORTHERN ALASKA
event name:79 km SW of Kaktovik, Alaska
time shift: -1576498663.5590
half duration:        1.0000
latitude:            69.5574
longitude:         -144.8593
depth:                4.0000
Mrr:           -5.050000E+21
Mtt:           -1.570300E+22
Mpp:            2.075300E+22
Mrt:            3.183000E+21
Mrp:           -6.767000E+21
Mtp:           -1.467300E+22
