 PDE 2018 08 13 05 22 32.14   69.4583 -144.1824   7.7 3.8 3.8 NORTHERN ALASKA
event name:78 km SSW of Kaktovik, Alaska
time shift: -1534137752.1380
half duration:        1.0000
latitude:            69.4583
longitude:         -144.1824
depth:                4.0000
Mrr:           -2.192300E+21
Mtt:           -4.325700E+21
Mpp:            6.517900E+21
Mrt:            1.631000E+21
Mrp:           -9.885000E+20
Mtp:           -4.681300E+21
