 PDE 2018 10 16 16 45 16.75   69.5833 -145.0505  16.4 4.1 4.1 NORTHERN ALASKA
event name:82 km SW of Kaktovik, Alaska
time shift: -1539708316.7450
half duration:        1.0000
latitude:            69.5833
longitude:         -145.0505
depth:               13.0000
Mrr:           -1.370000E+20
Mtt:            2.843000E+21
Mpp:           -2.705000E+21
Mrt:           -4.460000E+20
Mrp:            5.957000E+21
Mtp:           -9.230000E+21
