 PDE 2019 01 10 19 36 38.17   69.1454 -144.7034  11.0 4.1 4.1 NORTHERN ALASKA
event name:117 km SSW of Kaktovik, Alaska
time shift: -1547148998.1750
half duration:        1.0000
latitude:            69.1454
longitude:         -144.7034
depth:               14.0000
Mrr:            1.007000E+21
Mtt:           -1.404000E+21
Mpp:            3.970000E+20
Mrt:            2.760000E+21
Mrp:            4.010000E+20
Mtp:           -1.128100E+22
