 PDE 2016 01 17 14 52 29.69   66.3805 -153.3132  11.0 4.2 4.2 NORTHERN ALASKA
event name:33 km SW of Alatna, Alaska
time shift:          -3.6920
half duration:        1.0000
latitude:            66.5765
longitude:         -153.8555
depth:               12.0000
Mrr:           -1.116100E+22
Mtt:            1.056700E+22
Mpp:            5.940000E+20
Mrt:           -5.967000E+21
Mrp:            8.187000E+21
Mtp:           -2.284200E+22
