 PDE 2019 03 26 21 27 18.72   66.3061 -157.2470   8.5 5.0 5.0 NORTHERN ALASKA
event name:  northern Alaska
time shift:          -0.1170
half duration:        1.0000
latitude:            66.3741
longitude:         -157.0000
depth:               11.5000
Mrr:           -3.115900E+23
Mtt:            3.086100E+23
Mpp:            2.970000E+21
Mrt:           -1.420100E+23
Mrp:            3.546000E+22
Mtp:           -3.146900E+23
