 PDE 2019 03 06 21 33 13.99   66.3108 -157.2186   9.1 5.2 5.2 NORTHERN ALASKA
event name:64 km S of Shungnak, Alaska
time shift:           0.3090
half duration:        1.0000
latitude:            66.3088
longitude:         -157.0000
depth:               11.5000
Mrr:           -1.946800E+23
Mtt:            3.176300E+23
Mpp:           -1.229500E+23
Mrt:           -2.434000E+23
Mrp:            1.019400E+23
Mtp:           -8.050800E+23
