 PDE 2016 12 23 00 43 54.94   67.0109 -157.8336  16.4 4.2 4.2 NORTHERN ALASKA
event name:8 km S of Ambler, Alaska
time shift:          -3.9390
half duration:        1.0000
latitude:            67.0200
longitude:         -157.8500
depth:               14.0000
Mrr:           -4.980000E+21
Mtt:            2.230000E+21
Mpp:            2.750000E+21
Mrt:           -4.050000E+21
Mrp:           -6.310000E+21
Mtp:           -1.280000E+22
