 PDEW2018  8 12 16  2  9.30  69.5500 -144.9500   1.0 0.0 5.1 NORTHERN ALASKA
event name:     201808121602B  
time shift:      0.4000
half duration:   1.1000
latitude:       69.8300
longitude:    -144.6700
depth:          33.8800
Mrr:      -2.980000e+23
Mtt:       2.550000e+23
Mpp:       4.280000e+22
Mrt:       7.430000e+23
Mrp:      -4.770000e+22
Mtp:      -1.060000e+24
