 PDE 2018 12 07 15 22 57.64   69.5942 -144.9470   6.9 4.2 4.2 NORTHERN ALASKA
event name:78 km SW of Kaktovik, Alaska
time shift: -1544196177.6430
half duration:        1.0000
latitude:            69.5942
longitude:         -144.9470
depth:               12.0000
Mrr:            5.015000E+21
Mtt:           -3.265000E+21
Mpp:           -1.750000E+21
Mrt:            7.660000E+20
Mrp:            1.178000E+21
Mtp:           -2.532000E+22
