 PDE 2013 09 01 22 52 03.29   69.2087 -144.4802   9.5 4.8 4.8 NORTHERN ALASKA
event name:108 km SSW of Kaktovik, Alaska
time shift: -1378075923.2950
half duration:        1.0000
latitude:            69.2087
longitude:         -144.4802
depth:               11.0000
Mrr:           -2.960000E+21
Mtt:           -6.282400E+22
Mpp:            6.578400E+22
Mrt:           -7.727000E+21
Mrp:            6.734000E+21
Mtp:           -3.566300E+22
