 PDE 2018 08 13 23 53 10.39   69.4823 -144.2317  10.9 3.9 3.9 NORTHERN ALASKA
event name:76 km SSW of Kaktovik, Alaska
time shift: -1534204390.3920
half duration:        1.0000
latitude:            69.4823
longitude:         -144.2317
depth:                3.0000
Mrr:           -3.803000E+21
Mtt:           -7.361000E+21
Mpp:            1.116400E+22
Mrt:            2.027000E+21
Mrp:           -1.600000E+20
Mtp:           -1.293800E+22
