 PDE 2018 08 14 16 53 10.28   69.5672 -144.7703  13.7 4.5 4.5 NORTHERN ALASKA
event name:76 km SW of Kaktovik, Alaska
time shift: -1534265590.2840
half duration:        1.0000
latitude:            69.5672
longitude:         -144.7703
depth:                4.0000
Mrr:           -1.000500E+22
Mtt:           -2.241200E+22
Mpp:            3.241600E+22
Mrt:            4.697000E+21
Mrp:            9.392000E+21
Mtp:           -2.909800E+22
