 PDE 2018 11 16 03 31 15.09   69.5355 -144.3921   7.9 4.1 4.1 NORTHERN ALASKA
event name:72 km SSW of Kaktovik, Alaska
time shift: -1542339075.0850
half duration:        1.0000
latitude:            69.5355
longitude:         -144.3921
depth:                5.0000
Mrr:           -3.963000E+21
Mtt:           -3.940000E+21
Mpp:            7.903000E+21
Mrt:            1.774000E+21
Mrp:            1.655000E+21
Mtp:           -7.316000E+21
