 PDE 2018 08 28 11 13 21.70   69.5602 -144.8964  18.2 4.1 4.1 NORTHERN ALASKA
event name:80 km SW of Kaktovik, Alaska
time shift: -1535454801.7000
half duration:        1.0000
latitude:            69.5602
longitude:         -144.8964
depth:               11.0000
Mrr:            1.157000E+21
Mtt:           -9.755000E+21
Mpp:            8.598000E+21
Mrt:            9.210000E+20
Mrp:           -2.845000E+21
Mtp:           -9.803000E+21
