 PDE 2018 09 10 23 37 08.10   69.4675 -144.4261   9.5 3.9 3.9 NORTHERN ALASKA
event name:80 km SSW of Kaktovik, Alaska
time shift: -1536622628.1030
half duration:        1.0000
latitude:            69.4675
longitude:         -144.4261
depth:                6.0000
Mrr:            2.686700E+21
Mtt:           -4.357700E+21
Mpp:            1.671000E+21
Mrt:            4.806000E+20
Mrp:           -2.065000E+20
Mtp:           -7.504100E+21
