 PDE 2018 10 09 07 11 20.90   69.5496 -144.8661  14.8 4.0 4.0 NORTHERN ALASKA
event name:80 km SW of Kaktovik, Alaska
time shift: -1539069080.9010
half duration:        1.0000
latitude:            69.5496
longitude:         -144.8661
depth:               12.0000
Mrr:            1.348000E+21
Mtt:           -5.700000E+21
Mpp:            4.352000E+21
Mrt:            1.052000E+21
Mrp:           -1.327000E+21
Mtp:           -9.363000E+21
