 PDE 2019 05 09 05 29 58.63   66.2969 -157.2369   7.4 4.4 4.4 NORTHERN ALASKA
event name:66 km S of Shungnak, Alaska
time shift: -1557379798.6260
half duration:        1.0000
latitude:            66.2969
longitude:         -157.2369
depth:                7.0000
Mrr:           -1.795600E+22
Mtt:            1.977500E+22
Mpp:           -1.819000E+21
Mrt:           -3.685000E+21
Mrp:            1.939400E+22
Mtp:           -1.573900E+22
