 PDE 2018 06 25 22 25 54.37   68.0126 -151.5511  13.0 3.8 3.8 NORTHERN ALASKA
event name:16 km SSE of Anaktuvuk Pass, Alaska
time shift: -1529965554.3650
half duration:        1.0000
latitude:            68.0126
longitude:         -151.5511
depth:                4.0000
Mrr:            3.498300E+21
Mtt:            1.197100E+21
Mpp:           -4.695400E+21
Mrt:            3.940000E+19
Mrp:            3.543000E+20
Mtp:           -8.383800E+21
