 PDE 2019 03 27 07 38 39.34   66.3133 -157.2143   8.9 4.4 4.4 NORTHERN ALASKA
event name:64 km S of Shungnak, Alaska
time shift: -1553672319.3440
half duration:        1.0000
latitude:            66.3133
longitude:         -157.2143
depth:                8.0000
Mrr:           -1.205500E+22
Mtt:            1.170300E+22
Mpp:            3.520000E+20
Mrt:            9.020000E+20
Mrp:            1.188400E+22
Mtp:           -1.327700E+22
