 PDE 2019 02 16 22 35 07.28   69.4858 -144.0733  13.8 4.0 4.0 NORTHERN ALASKA
event name:74 km SSW of Kaktovik, Alaska
time shift: -1550356507.2760
half duration:        1.0000
latitude:            69.4858
longitude:         -144.0733
depth:                9.0000
Mrr:           -8.808000E+20
Mtt:           -5.580400E+21
Mpp:            6.461200E+21
Mrt:            9.192000E+20
Mrp:           -7.496000E+20
Mtp:           -3.529800E+21
