 PDE 2018 08 23 16 11 24.93   69.5234 -144.1430  14.2 4.0 4.0 NORTHERN ALASKA
event name:70 km SSW of Kaktovik, Alaska
time shift: -1535040684.9350
half duration:        1.0000
latitude:            69.5234
longitude:         -144.1430
depth:                4.0000
Mrr:           -1.737000E+21
Mtt:           -5.514000E+21
Mpp:            7.250000E+21
Mrt:           -1.715000E+21
Mrp:           -7.831000E+21
Mtp:           -6.558000E+21
