 PDE 2018 08 18 04 39 36.45   69.4857 -144.2972  15.7 4.5 4.5 NORTHERN ALASKA
event name:76 km SSW of Kaktovik, Alaska
time shift: -1534567176.4540
half duration:        1.0000
latitude:            69.4857
longitude:         -144.2972
depth:                8.0000
Mrr:            8.218000E+21
Mtt:           -2.060600E+22
Mpp:            1.238800E+22
Mrt:            7.170000E+21
Mrp:           -4.620000E+21
Mtp:           -1.396800E+22
