 PDE 2019 07 03 04 58 55.03   69.1114 -144.6355  12.8 4.6 4.6 NORTHERN ALASKA
event name:115 km NNE of Arctic Village, Alaska
time shift: -1562129935.0340
half duration:        1.0000
latitude:            69.1114
longitude:         -144.6355
depth:               14.0000
Mrr:            2.399000E+21
Mtt:           -1.591200E+22
Mpp:            1.351300E+22
Mrt:            1.978700E+22
Mrp:           -4.327000E+21
Mtp:           -2.277800E+22
