 PDE 2018 08 13 08 53 11.77   69.4703 -144.3751   7.4 4.3 4.3 NORTHERN ALASKA
event name:  northern Alaska
time shift: -1534150391.7740
half duration:        1.0000
latitude:            69.4703
longitude:         -144.3751
depth:                3.0000
Mrr:           -2.729000E+22
Mtt:           -7.900000E+19
Mpp:            2.736900E+22
Mrt:           -1.464200E+22
Mrp:           -2.763300E+22
Mtp:           -1.410800E+22
