 PDE 2019 10 18 00 58 28.27   66.2966 -157.2159   6.3 5.5 5.4 NORTHERN ALASKA
event name:66 km S of Shungnak, Alaska
time shift:           0.3300
half duration:        1.0000
latitude:            66.3910
longitude:         -157.2707
depth:               11.5000
Mrr:           -7.792000E+23
Mtt:            1.007100E+24
Mpp:           -2.279000E+23
Mrt:           -7.470000E+22
Mrp:            3.620000E+22
Mtp:           -1.545700E+24
