 PDE 2018 05 11 01 40 06.91   67.4203 -146.3667   8.4 4.4 4.4 NORTHERN ALASKA
event name:45 km N of Venetie, Alaska
time shift: -1526002806.9070
half duration:        1.0000
latitude:            67.4203
longitude:         -146.3667
depth:               12.0000
Mrr:           -7.227000E+21
Mtt:           -8.310000E+21
Mpp:            1.553700E+22
Mrt:           -2.041000E+21
Mrp:           -5.910000E+20
Mtp:           -1.669300E+22
