 PDE 2018 08 17 13 27 08.04   69.5194 -144.1890  13.6 4.0 4.0 NORTHERN ALASKA
event name:71 km SSW of Kaktovik, Alaska
time shift: -1534512428.0410
half duration:        1.0000
latitude:            69.5194
longitude:         -144.1890
depth:                3.0000
Mrr:           -1.115000E+21
Mtt:           -4.641300E+21
Mpp:            5.756300E+21
Mrt:           -1.617700E+21
Mrp:            2.485900E+21
Mtp:           -7.781700E+21
