 PDE 2018 10 04 13 12 56.40   69.4139 -144.1478   4.3 4.0 4.0 NORTHERN ALASKA
event name:82 km SSW of Kaktovik, Alaska
time shift: -1538658776.3970
half duration:        1.0000
latitude:            69.4139
longitude:         -144.1478
depth:                5.0000
Mrr:           -3.331000E+21
Mtt:           -7.582000E+21
Mpp:            1.091300E+22
Mrt:            1.555000E+21
Mrp:           -1.026000E+21
Mtp:           -5.576000E+21
