 PDE 2018 10 01 00 58 24.95   69.2103 -146.3174   7.3 4.2 4.2 NORTHERN ALASKA
event name:124 km NNW of Arctic Village, Alaska
time shift: -1538355504.9550
half duration:        1.0000
latitude:            69.2103
longitude:         -146.3174
depth:                5.0000
Mrr:           -3.135000E+21
Mtt:           -7.560000E+21
Mpp:            1.069500E+22
Mrt:            3.063000E+21
Mrp:            1.025000E+21
Mtp:           -1.220700E+22
