 PDE 2019 12 18 03 34 36.09   66.3275 -157.2698   9.7 4.1 4.1 NORTHERN ALASKA
event name:62 km S of Shungnak, Alaska
time shift: -1576640076.0930
half duration:        1.0000
latitude:            66.3275
longitude:         -157.2698
depth:                8.0000
Mrr:           -9.816000E+21
Mtt:            1.046200E+22
Mpp:           -6.460000E+20
Mrt:           -1.331000E+21
Mrp:            2.430000E+21
Mtp:           -2.526000E+21
