 PDE 2019 03 13 02 42 25.18   69.5209 -144.4701  12.8 4.3 4.3 NORTHERN ALASKA
event name:75 km SSW of Kaktovik, Alaska
time shift: -1552444945.1810
half duration:        1.0000
latitude:            69.5209
longitude:         -144.4701
depth:               10.0000
Mrr:            1.621000E+21
Mtt:           -6.090000E+20
Mpp:           -1.011000E+21
Mrt:            1.460000E+20
Mrp:           -3.189000E+21
Mtp:           -1.474100E+22
