 PDE 2019 01 15 16 44 42.80   69.4903 -144.1918   8.4 4.2 4.2 NORTHERN ALASKA
event name:74 km SSW of Kaktovik, Alaska
time shift: -1547570682.8050
half duration:        1.0000
latitude:            69.4903
longitude:         -144.1918
depth:               11.0000
Mrr:           -1.359000E+21
Mtt:           -4.881000E+21
Mpp:            6.240000E+21
Mrt:           -1.900000E+19
Mrp:            6.575000E+21
Mtp:           -7.462000E+21
