 PDE 2018 08 14 14 49 57.30   69.4730 -144.2361   7.6 4.2 4.2 NORTHERN ALASKA
event name:77 km SSW of Kaktovik, Alaska
time shift: -1534258197.3010
half duration:        1.0000
latitude:            69.4730
longitude:         -144.2361
depth:                5.0000
Mrr:           -7.441000E+21
Mtt:           -2.590400E+22
Mpp:            3.334600E+22
Mrt:           -2.570000E+20
Mrp:            1.396600E+22
Mtp:           -2.406700E+22
