 PDE 2019 07 02 18 17 07.68   66.2704 -157.1808   7.9 4.5 4.5 NORTHERN ALASKA
event name:68 km S of Shungnak, Alaska
time shift: -1562091427.6770
half duration:        1.0000
latitude:            66.2704
longitude:         -157.1808
depth:                8.0000
Mrr:           -1.151000E+22
Mtt:            4.013000E+22
Mpp:           -2.862000E+22
Mrt:           -8.210000E+21
Mrp:            4.280000E+21
Mtp:           -1.216400E+23
