 PDE 2018 09 14 05 02 15.52   69.0588 -147.0422  14.6 4.0 4.0 NORTHERN ALASKA
event name:120 km NNW of Arctic Village, Alaska
time shift: -1536901335.5170
half duration:        1.0000
latitude:            69.0588
longitude:         -147.0422
depth:                4.0000
Mrr:           -1.197100E+22
Mtt:           -8.262000E+21
Mpp:            2.023300E+22
Mrt:            2.525000E+21
Mrp:            4.043000E+21
Mtp:           -2.427000E+21
