 PDE 2018 10 14 23 53 14.77   67.7739 -156.3956  10.5 5.0 5.0 NORTHERN ALASKA
event name:98 km NE of Ambler, Alaska
time shift:          -0.2690
half duration:        1.0000
latitude:            67.7684
longitude:         -156.4070
depth:               11.5000
Mrr:           -1.898200E+23
Mtt:            2.183700E+23
Mpp:           -2.855000E+22
Mrt:            4.700000E+21
Mrp:           -1.555300E+23
Mtp:           -1.007500E+23
