 PDE 2019 05 01 19 36 45.78   67.3542 -156.4973   7.3 4.1 4.1 NORTHERN ALASKA
event name:52 km NNE of Kobuk, Alaska
time shift: -1556739405.7770
half duration:        1.0000
latitude:            67.3542
longitude:         -156.4973
depth:                9.0000
Mrr:           -1.742900E+22
Mtt:            4.756000E+21
Mpp:            1.267300E+22
Mrt:            3.415000E+21
Mrp:           -3.608000E+21
Mtp:           -7.646000E+21
