 PDE 2014 04 18 18 44 18.15   67.7025 -162.5599  20.5 5.7 5.7 NORTHERN ALASKA
event name:22 km NE of Noatak, Alaska
time shift:           2.8480
half duration:        1.0000
latitude:            67.8200
longitude:         -162.6700
depth:               17.5000
Mrr:           -3.294000E+24
Mtt:            2.421000E+24
Mpp:            8.730000E+23
Mrt:           -1.220000E+23
Mrp:            7.210000E+23
Mtp:           -1.380000E+24
