XXXX 2017 02 02 05 05 39.32  -37.7757  177.5469  27.5 0.0 0.0 OFF E. COAST OF N. ISLAND, N.Z.
event name:      2017p087060
time shift:           0.0000
half duration:        0.0000
latitude:           -37.7757
longitude:          177.5469
depth:               27.4879
Mrr:            1.792930E+23
Mtt:           -2.678900E+22
Mpp:           -1.525050E+23
Mrt:           -1.439200E+22
Mrp:            1.861810E+23
Mtp:           -5.744700E+22
