XXXX 2013 02 22 18 21 53.23  -39.2478  177.3736  24.8 0.0 0.0 OFF E. COAST OF N. ISLAND, N.Z.
event name:      2013p142607
time shift:           0.0000
half duration:        0.0000
latitude:           -39.2478
longitude:          177.3736
depth:               24.8047
Mrr:            1.349740E+23
Mtt:           -7.699100E+22
Mpp:           -5.798300E+22
Mrt:           -7.740600E+22
Mrp:           -1.266910E+23
Mtp:           -6.347100E+22
