XXXX 2016 11 13 13 31 27.51  -42.2741  173.6455  14.0 0.0 0.0 SOUTH ISLAND, NEW ZEALAND
event name:      2016p858279
time shift:           0.0000
half duration:        0.0000
latitude:           -42.2741
longitude:          173.6455
depth:               13.9542
Mrr:           -8.060870E+23
Mtt:            7.439394E+24
Mpp:           -6.633307E+24
Mrt:            1.915481E+24
Mrp:            6.201670E+23
Mtp:           -8.137091E+24
