XXXX 2017 02 01 10 21 29.76  -42.2903  173.7621  21.1 0.0 0.0 SOUTH ISLAND, NEW ZEALAND
event name:      2017p084950
time shift:           0.0000
half duration:        0.0000
latitude:           -42.2903
longitude:          173.7621
depth:               21.1362
Mrr:            1.992300E+22
Mtt:            1.648730E+23
Mpp:           -1.847960E+23
Mrt:            3.217800E+22
Mrp:            1.216370E+23
Mtp:           -8.529400E+22
