XXXX 2016 11 22 00 19 42.53  -40.6736  177.2288  29.1 0.0 0.0 OFF E. COAST OF N. ISLAND, N.Z.
event name:      2016p881118
time shift:           0.0000
half duration:        0.0000
latitude:           -40.6736
longitude:          177.2288
depth:               29.1119
Mrr:            9.200826E+24
Mtt:           -4.937199E+24
Mpp:           -4.263627E+24
Mrt:            3.319400E+23
Mrp:            5.397538E+24
Mtp:           -9.433085E+24
