XXXX 2014 03 31 01 01 19.47  -39.9703  176.5519  17.3 0.0 0.0 NORTH ISLAND, NEW ZEALAND
event name:      2014p240655
time shift:           0.0000
half duration:        0.0000
latitude:           -39.9703
longitude:          176.5519
depth:               17.3047
Mrr:            7.831670E+23
Mtt:            1.367700E+22
Mpp:           -7.968440E+23
Mrt:           -3.972300E+22
Mrp:            1.431820E+23
Mtp:           -2.349320E+23
