XXXX 2019 12 09 23 58 01.91  -38.8703  178.0683  29.0 0.0 5.4 OFF E. COAST OF N. ISLAND, N.Z.
event name:      2019p927023
time shift:           0.0000
half duration:        0.0000
latitude:           -38.8703
longitude:          178.0683
depth:               29.0133
Mrr:           -3.130500E+23
Mtt:            7.002300E+22
Mpp:            2.430280E+23
Mrt:            1.381860E+23
Mrp:            4.833850E+23
Mtp:            1.600950E+23
