XXXX 2018 06 22 06 21 00.80  -40.3065  176.5975  16.7 0.0 0.0 NORTH ISLAND, NEW ZEALAND
event name:      2018p465580
time shift:           0.0000
half duration:        0.0000
latitude:           -40.3065
longitude:          176.5975
depth:               16.7321
Mrr:            7.196200E+22
Mtt:           -5.559000E+21
Mpp:           -6.640400E+22
Mrt:            2.628100E+22
Mrp:            8.279600E+22
Mtp:            5.561400E+22
