XXXX 2016 11 15 01 34 45.27  -41.6818  174.2169   5.8 0.0 0.0 COOK STRAIT, NEW ZEALAND
event name:      2016p862339
time shift:           0.0000
half duration:        0.0000
latitude:           -41.6818
longitude:          174.2169
depth:                5.8165
Mrr:            5.756700E+23
Mtt:            1.403406E+24
Mpp:           -1.979077E+24
Mrt:           -3.114960E+23
Mrp:           -1.290630E+23
Mtp:           -5.288540E+23
