XXXX 2011 04 07 07 16 15.69  -42.2176  177.4265  33.0 0.0 0.0 OFF E. COAST OF S. ISLAND, N.Z.
event name:          3493233
time shift:           0.0000
half duration:        0.0000
latitude:           -42.2176
longitude:          177.4265
depth:               33.0000
Mrr:           -1.980920E+23
Mtt:            1.239090E+23
Mpp:            7.418400E+22
Mrt:           -6.600400E+22
Mrp:            1.341770E+23
Mtp:            5.229600E+22
