XXXX 2005 01 31 17 31 53.29  -41.4572  175.7617  19.9 0.0 0.0 NORTH ISLAND, NEW ZEALAND
event name:          2359081
time shift:           0.0000
half duration:        0.0000
latitude:           -41.4572
longitude:          175.7617
depth:               19.8533
Mrr:            3.646970E+23
Mtt:           -2.537110E+23
Mpp:           -1.109860E+23
Mrt:           -2.131200E+22
Mrp:            1.677080E+23
Mtp:           -4.332040E+23
