XXXX 2004 07 18 03 58 06.07  -38.0109  176.4970   5.0 0.0 0.0 NORTH ISLAND, NEW ZEALAND
event name:          2266782
time shift:           0.0000
half duration:        0.0000
latitude:           -38.0109
longitude:          176.4970
depth:                5.0000
Mrr:           -9.834000E+22
Mtt:           -1.203350E+23
Mpp:            2.186760E+23
Mrt:            2.452800E+22
Mrp:            5.580100E+22
Mtp:            1.231160E+23
