PDE 2017  9  3  3 30 01.00 41.3430  129.0360 637.0 6.3 6.3 NORTH KOREA

event name:     NK_2017
time shift:     00.0000
half duration:  00.0000
latitude:       43.3430
longitude:     129.0360
depth:         000.0000
Mrr:       2.580000e+25
Mtt:       2.580000e+25
Mpp:       2.580000e+25
Mrt:       0.000000e+00
Mrp:       0.000000e+00
Mtp:       0.000000e+00
