 PDE 2017  9  3  3 30 1.76 41.3324 129.0297 1.0 5.18 5.18 NK6
event name:     NK6
time shift:     00.0000
half duration:  00.0000
latitude:       41.3324
longitude:     129.0297
depth:           1.0000
Mrr:       7.141639e+23 
Mtt:       5.172632e+23 
Mpp:       4.273256e+23 
Mrt:       1.300210e+22 
Mrp:      -2.593009e+23 
Mtp:       4.511765e+22