 PDE 2013  2  12  2 57 51.27 41.2921 129.073 1.0 4.45 4.45 NK3
event name:     NK3
time shift:     00.0000
half duration:  00.0000
latitude:       41.2921
longitude:     129.0730
depth:           1.0000
Mrr:       4.784146e+22 
Mtt:       3.035322e+22 
Mpp:       3.842981e+22 
Mrt:       2.626514e+22 
Mrp:      -2.154900e+22 
Mtp:       7.101410e+21