 PDE 2019 07 03 04 38 22.61   69.1167 -144.6872  13.9 5.3 5.3 NORTHERN ALASKA
event name:115 km NNE of Arctic Village, Alaska
time shift:           0.0930
half duration:        1.0000
latitude:            69.1489
longitude:         -144.5774
depth:               11.5000
Mrr:           -1.414100E+23
Mtt:           -6.352000E+22
Mpp:            2.049300E+23
Mrt:            3.051200E+23
Mrp:           -8.753000E+22
Mtp:           -7.165500E+23
