 PDE 2019 04 16 05 07 47.07   66.2991 -157.2416   9.3 4.8 4.8 NORTHERN ALASKA
event name:65 km S of Shungnak, Alaska
time shift:          -0.1700
half duration:        1.0000
latitude:            66.3091
longitude:         -157.0000
depth:               11.5000
Mrr:           -1.222400E+23
Mtt:            1.081700E+23
Mpp:            1.407000E+22
Mrt:           -4.331000E+22
Mrp:            4.913000E+22
Mtp:           -1.117000E+23
