 PDE 2019 03 12 15 52 51.56   66.2756 -157.2076   8.1 4.5 4.5 NORTHERN ALASKA
event name:68 km S of Shungnak, Alaska
time shift:           0.0350
half duration:        1.0000
latitude:            66.3096
longitude:         -157.0000
depth:               11.5000
Mrr:           -2.780000E+21
Mtt:            8.338000E+21
Mpp:           -5.558000E+21
Mrt:            1.490000E+20
Mrp:           -9.200000E+19
Mtp:           -3.756300E+22
