 PDE 2019 02 10 13 35 48.27   66.3077 -157.2255   7.7 4.8 4.8 NORTHERN ALASKA
event name:64 km S of Shungnak, Alaska
time shift:           0.0300
half duration:        1.0000
latitude:            66.3077
longitude:         -157.2255
depth:               11.5000
Mrr:           -3.325000E+22
Mtt:            5.648000E+22
Mpp:           -2.323000E+22
Mrt:           -8.580000E+21
Mrp:            1.530000E+22
Mtp:           -1.333200E+23
