 PDE 2018 11 10 14 15 52.01   67.9968 -166.0882  12.2 4.0 4.0 BERING STRAIT
event name:47 km SE of Point Hope, Alaska
time shift:          -2.0100
half duration:        1.0000
latitude:            68.0800
longitude:         -166.5200
depth:               10.0000
Mrr:            7.560000E+21
Mtt:            1.500000E+21
Mpp:           -9.060000E+21
Mrt:           -4.710000E+21
Mrp:            5.960000E+21
Mtp:           -8.160000E+21
