 PDE 2019 10 18 13 08 59.85   66.3422 -157.2884   6.3 5.2 5.2 NORTHERN ALASKA
event name:61 km S of Shungnak, Alaska
time shift:           1.6470
half duration:        1.0000
latitude:            66.4176
longitude:         -157.3215
depth:               11.5000
Mrr:           -2.901400E+23
Mtt:            5.565800E+23
Mpp:           -2.664400E+23
Mrt:            1.580800E+23
Mrp:            1.848500E+23
Mtp:           -6.371100E+23
