 PDEW2016  9 12 11 32 55.80  41.3324  129.0297  20.0 5.6 5.6 NORTH KOREA    
event name:     FAKE_NK6_TECT
time shift:      0.0000
half duration:   0.0000
latitude:       41.3324
longitude:     129.0297
depth:           5.0000
Mrr:       3.534000e+23
Mtt:       2.402500e+24
Mpp:      -2.759000e+24
Mrt:       1.122200e+24
Mrp:      -4.014500e+23
Mtp:       2.154500e+24
