 PDEW2016  9 12 11 32 55.80  41.3430  129.0360  20.0 6.3 6.3 NORTH KOREA                     
event name:     FAKE_NK_TECT
time shift:      0.0000
half duration:   0.0000
latitude:       43.3430
longitude:     129.0360
depth:          20.0000
Mrr:       3.534000e+24
Mtt:       2.402500e+25
Mpp:      -2.759000e+25
Mrt:       1.122200e+25
Mrp:      -4.014500e+24
Mtp:       2.154500e+25
