XXXX 2019 04 23 16 37 10.03  -40.2598  175.9667  24.6 0.0 0.0 NORTH ISLAND, NEW ZEALAND
event name:      2019p304574
time shift:           0.0000
half duration:        0.0000
latitude:           -40.2598
longitude:          175.9667
depth:               24.6119
Mrr:           -4.649800E+22
Mtt:            3.968300E+22
Mpp:            6.816000E+21
Mrt:            2.613000E+21
Mrp:            2.016100E+22
Mtp:            1.258500E+22
