XXXX 2007 01 18 03 34 14.32  -39.5411  175.8554  50.9 0.0 0.0 NORTH ISLAND, NEW ZEALAND
event name:          2684211
time shift:           0.0000
half duration:        0.0000
latitude:           -39.5411
longitude:          175.8554
depth:               50.8535
Mrr:           -1.551000E+23
Mtt:            1.557330E+23
Mpp:           -6.330000E+20
Mrt:            1.004740E+23
Mrp:            1.116120E+23
Mtp:            1.255300E+22
