XXXX 2016 03 14 10 28 04.21  -42.2805  173.0208   8.8 0.0 0.0 SOUTH ISLAND, NEW ZEALAND
event name:      2016p198476
time shift:           0.0000
half duration:        0.0000
latitude:           -42.2805
longitude:          173.0208
depth:                8.8308
Mrr:            1.333400E+22
Mtt:            1.194850E+23
Mpp:           -1.328190E+23
Mrt:            5.971900E+22
Mrp:            2.175400E+22
Mtp:           -1.169170E+23
