XXXX 2019 09 04 07 02 52.39  -38.8513  175.9098   5.0 0.0 0.0 NORTH ISLAND, NEW ZEALAND
event name:      2019p665658
time shift:           0.0000
half duration:        0.0000
latitude:           -38.8513
longitude:          175.9098
depth:                5.0000
Mrr:           -4.770190E+23
Mtt:            2.565090E+23
Mpp:            2.205110E+23
Mrt:           -1.489540E+23
Mrp:            5.642500E+22
Mtp:            3.290840E+23
