XXXX 2017 01 06 16 46 12.15  -37.7520  177.5346  28.0 0.0 0.0 OFF E. COAST OF N. ISLAND, N.Z.
event name:      2017p015402
time shift:           0.0000
half duration:        0.0000
latitude:           -37.7520
longitude:          177.5346
depth:               27.9803
Mrr:            1.801700E+23
Mtt:            1.918900E+22
Mpp:           -1.993600E+23
Mrt:           -5.868900E+22
Mrp:            2.047290E+23
Mtp:           -6.564600E+22
