XXXX 2010 09 09 04 18 48.33  -40.4187  176.7837  15.7 0.0 0.0 NORTH ISLAND, NEW ZEALAND
event name:          3369346
time shift:           0.0000
half duration:        0.0000
latitude:           -40.4187
longitude:          176.7837
depth:               15.7133
Mrr:            1.050340E+23
Mtt:            1.605910E+23
Mpp:           -2.656250E+23
Mrt:            3.719900E+22
Mrp:            3.798300E+22
Mtp:           -9.766200E+22
