XXXX 2013 08 17 08 58 40.32  -41.7326  174.0643  15.1 0.0 0.0 COOK STRAIT, NEW ZEALAND
event name:      2013p617227
time shift:           0.0000
half duration:        0.0000
latitude:           -41.7326
longitude:          174.0643
depth:               15.0781
Mrr:            1.642950E+23
Mtt:            7.085740E+23
Mpp:           -8.728690E+23
Mrt:           -7.301100E+22
Mrp:            1.935890E+23
Mtp:            1.718800E+22
