XXXX 2008 09 26 07 23 02.84  -42.3086  173.9235  23.9 0.0 0.0 SOUTH ISLAND, NEW ZEALAND
event name:          2974665
time shift:           0.0000
half duration:        0.0000
latitude:           -42.3086
longitude:          173.9235
depth:               23.8942
Mrr:            3.597130E+23
Mtt:           -5.424000E+22
Mpp:           -3.054720E+23
Mrt:           -9.540800E+22
Mrp:            4.236500E+22
Mtp:           -1.696740E+23
