XXXX 2017 10 31 07 36 07.02  -37.4627  177.3623  11.6 0.0 0.0 OFF E. COAST OF N. ISLAND, N.Z.
event name:      2017p819775
time shift:           0.0000
half duration:        0.0000
latitude:           -37.4627
longitude:          177.3623
depth:               11.6266
Mrr:           -2.259180E+23
Mtt:            2.093630E+23
Mpp:            1.655500E+22
Mrt:            1.146510E+23
Mrp:           -1.843100E+22
Mtp:            8.141900E+22
