XXXX 2013 08 16 05 31 17.00  -41.6310  174.2540  15.0 0.0 0.0 COOK STRAIT, NEW ZEALAND
event name:      2013p614135
time shift:           0.0000
half duration:        0.0000
latitude:           -41.6310
longitude:          174.2540
depth:               14.9609
Mrr:            2.820403E+24
Mtt:            4.530107E+24
Mpp:           -7.350510E+24
Mrt:           -1.755295E+24
Mrp:            2.382950E+23
Mtp:           -4.838250E+24
