XXXX 2005 01 20 18 56 31.43  -41.0912  175.0526  30.8 0.0 0.0 NORTH ISLAND, NEW ZEALAND
event name:          2354133
time shift:           0.0000
half duration:        0.0000
latitude:           -41.0912
longitude:          175.0526
depth:               30.8473
Mrr:           -1.172936E+24
Mtt:            8.096610E+23
Mpp:            3.632750E+23
Mrt:           -1.938430E+23
Mrp:            1.898260E+23
Mtp:            4.401770E+23
