XXXX 2013 08 16 03 09 07.73  -41.7430  174.0612   7.5 0.0 0.0 COOK STRAIT, NEW ZEALAND
event name:      2013p613867
time shift:           0.0000
half duration:        0.0000
latitude:           -41.7430
longitude:          174.0612
depth:                7.4609
Mrr:           -7.133700E+23
Mtt:            6.009661E+24
Mpp:           -5.296291E+24
Mrt:            1.563022E+24
Mrp:           -1.009492E+24
Mtp:           -3.282551E+24
