XXXX 2013 07 20 19 17 10.84  -41.5537  174.3903  20.7 0.0 0.0 COOK STRAIT, NEW ZEALAND
event name:      2013p542711
time shift:           0.0000
half duration:        0.0000
latitude:           -41.5537
longitude:          174.3903
depth:               20.7031
Mrr:            3.407331E+24
Mtt:            2.491343E+24
Mpp:           -5.898674E+24
Mrt:           -6.448330E+23
Mrp:           -8.340180E+23
Mtp:           -1.486277E+24
