XXXX 2016 11 07 16 59 07.17  -39.3188  173.7597  13.5 0.0 0.0 OFF W. COAST OF N. ISLAND, N.Z.
event name:      2016p842451
time shift:           0.0000
half duration:        0.0000
latitude:           -39.3188
longitude:          173.7597
depth:               13.5194
Mrr:           -5.853000E+21
Mtt:            5.024600E+22
Mpp:           -4.439300E+22
Mrt:           -2.656400E+22
Mrp:           -8.574900E+22
Mtp:            1.254730E+23
