XXXX 2017 04 09 10 57 59.82  -41.6172  175.2895  14.3 0.0 0.0 NORTH ISLAND, NEW ZEALAND
event name:      2017p266099
time shift:           0.0000
half duration:        0.0000
latitude:           -41.6172
longitude:          175.2895
depth:               14.2501
Mrr:            1.116400E+22
Mtt:           -1.313200E+22
Mpp:            1.969000E+21
Mrt:           -3.152000E+21
Mrp:            1.179800E+22
Mtp:           -3.830800E+22
