XXXX 2008 06 12 21 06 24.24  -37.5828  177.0947   5.0 0.0 0.0 OFF E. COAST OF N. ISLAND, N.Z.
event name:          2922302
time shift:           0.0000
half duration:        0.0000
latitude:           -37.5828
longitude:          177.0947
depth:                5.0000
Mrr:           -5.030730E+23
Mtt:           -9.113000E+22
Mpp:            5.942040E+23
Mrt:            1.094070E+23
Mrp:           -5.087400E+22
Mtp:            6.388360E+23
