 PDE 2016  9  9  0 30 1.39 41.2976 129.0804 1.0 4.48 4.48 NK5
event name:     NK5
time shift:     00.0000
half duration:  00.0000
latitude:       41.2976
longitude:     129.0804
depth:           1.0000
Mrr:       6.045944e+22 
Mtt:       4.727691e+22 
Mpp:       4.010015e+22 
Mrt:       1.583560e+22 
Mrp:      -1.822170e+22 
Mtp:      -5.755514e+21