 PDE 2016  9  12  11 32 55.77 35.7808 129.2162 13.0 5.1 5.1 NK8
event name:     NK8
time shift:     00.0000
half duration:  00.0000
latitude:       35.7808
longitude:     129.2162
depth:          13.0000
Mrr:       3.492447e+22 
Mtt:       2.833405e+23 
Mpp:      -3.969083e+23 
Mrt:       2.551712e+23 
Mrp:      -1.984416e+23 
Mtp:       3.036733e+23