XXXX 2026  3  7  8 19 22.92   0.0000    0.0000   0.0 5.0 5.0 lune_ipts4_iref5_020
event name: lune_ipts4_iref5_020
time shift:      0.0000
half duration:   0.0000
latitude:        0.0000
longitude:       0.0000
depth:           0.0000
Mrr:       3.502867e+23
Mtt:      -2.825274e+23
Mpp:      -6.775922e+22
Mrt:      -6.998659e+22
Mrp:       1.464468e+23
Mtp:      -1.712926e+23
