XXXX 2026  3  7  8 19 22.92   0.0000    0.0000   0.0 5.0 5.0 lune_ipts4_iref5_001
event name: lune_ipts4_iref5_001
time shift:      0.0000
half duration:   0.0000
latitude:        0.0000
longitude:       0.0000
depth:           0.0000
Mrr:       3.403393e+23
Mtt:      -2.911439e+23
Mpp:      -4.919541e+22
Mrt:      -5.967316e+22
Mrp:       1.284105e+23
Mtp:      -1.941258e+23
