XXXX 2026  3  7  8 19 22.92   0.0000    0.0000   0.0 5.0 5.0 lune_ipts4_iref5_018
event name: lune_ipts4_iref5_018
time shift:      0.0000
half duration:   0.0000
latitude:        0.0000
longitude:       0.0000
depth:           0.0000
Mrr:       3.621283e+23
Mtt:      -2.589259e+23
Mpp:      -1.032024e+23
Mrt:      -8.894110e+22
Mrp:       1.790470e+23
Mtp:      -1.218990e+23
