XXXX 2026  3  7  8 19 22.92   0.0000    0.0000   0.0 5.0 5.0 lune_ipts4_iref5_015
event name: lune_ipts4_iref5_015
time shift:      0.0000
half duration:   0.0000
latitude:        0.0000
longitude:       0.0000
depth:           0.0000
Mrr:       3.592389e+23
Mtt:      -2.090626e+23
Mpp:      -1.501764e+23
Mrt:      -1.121478e+23
Mrp:       2.174818e+23
Mtp:      -4.136497e+22
