XXXX 2026  3  7  8 19 22.92   0.0000    0.0000   0.0 5.0 5.0 lune_ipts4_iref5_026
event name: lune_ipts4_iref5_026
time shift:      0.0000
half duration:   0.0000
latitude:        0.0000
longitude:       0.0000
depth:           0.0000
Mrr:       3.996062e+23
Mtt:      -2.228888e+23
Mpp:      -5.770739e+20
Mrt:      -6.478148e+22
Mrp:       1.369720e+23
Mtp:      -1.777708e+23
