XXXX 2026  3  7  8 19 22.92   0.0000    0.0000   0.0 5.0 5.0 lune_ipts4_iref5_019
event name: lune_ipts4_iref5_019
time shift:      0.0000
half duration:   0.0000
latitude:        0.0000
longitude:       0.0000
depth:           0.0000
Mrr:       3.575682e+23
Mtt:      -2.717608e+23
Mpp:      -8.580734e+22
Mrt:      -7.976738e+22
Mrp:       1.633686e+23
Mtp:      -1.471558e+23
