XXXX 2026  3  7  8 19 22.92   0.0000    0.0000   0.0 5.0 5.0 lune_ipts4_iref5_017
event name: lune_ipts4_iref5_017
time shift:      0.0000
half duration:   0.0000
latitude:        0.0000
longitude:       0.0000
depth:           0.0000
Mrr:       3.639325e+23
Mtt:      -2.441204e+23
Mpp:      -1.198121e+23
Mrt:      -9.743791e+22
Mrp:       1.933628e+23
Mtp:      -9.571449e+22
