XXXX 2026  3  7  8 19 22.92   0.0000    0.0000   0.0 5.0 5.0 lune_ipts4_iref5_008
event name: lune_ipts4_iref5_008
time shift:      0.0000
half duration:   0.0000
latitude:        0.0000
longitude:       0.0000
depth:           0.0000
Mrr:       3.258309e+23
Mtt:       3.258199e+23
Mpp:       3.258241e+23
Mrt:      -1.041493e+18
Mrp:       2.241186e+18
Mtp:      -3.388135e+18
