XXXX 2026  3  7  8 19 22.92   0.0000    0.0000   0.0 5.0 5.0 lune_ipts4_iref5_009
event name: lune_ipts4_iref5_009
time shift:      0.0000
half duration:   0.0000
latitude:        0.0000
longitude:       0.0000
depth:           0.0000
Mrr:       3.975940e+23
Mtt:       2.711351e+23
Mpp:       2.842385e+23
Mrt:      -2.495524e+22
Mrp:       4.839425e+22
Mtp:      -9.204573e+21
