XXXX 2026  3  7  8 19 22.92   0.0000    0.0000   0.0 5.0 5.0 lune_ipts4_iref5_021
event name: lune_ipts4_iref5_021
time shift:      0.0000
half duration:   0.0000
latitude:        0.0000
longitude:       0.0000
depth:           0.0000
Mrr:       4.604713e+23
Mtt:       1.806589e+23
Mpp:       2.096525e+23
Mrt:      -5.521778e+22
Mrp:       1.070806e+23
Mtp:      -2.036671e+22
