 PDE 2019 06 15 06 31 35.80   66.2900 -157.2100   6.3 4.8 4.6 NORTHERN ALASKA
event name:   C201906150631B
time shift:           1.4000
half duration:        0.6000
latitude:            66.4700
longitude:         -157.3900
depth:               16.6000
Mrr:           -1.360000E+23
Mtt:            9.300000E+22
Mpp:            4.340000E+22
Mrt:            1.130000E+23
Mrp:            3.680000E+22
Mtp:           -8.420000E+22
