 PDE 2019 03 26 21 27 18.70   66.3100 -157.2500   8.5 5.1 5.0 NORTHERN ALASKA
event name:   C201903262127A
time shift:           1.9000
half duration:        0.8000
latitude:            66.3600
longitude:         -157.0800
depth:               12.6000
Mrr:           -3.330000E+23
Mtt:            3.510000E+23
Mpp:           -1.730000E+22
Mrt:           -2.300000E+21
Mrp:           -9.550000E+22
Mtp:           -3.940000E+23
