 PDE 2006 02 05 08 17 01.40   66.3000 -142.6900   9.2 5.4 5.1 NORTHERN ALASKA
event name:   C200602050817A
time shift:           1.8000
half duration:        1.2000
latitude:            66.4600
longitude:         -142.1600
depth:               14.2000
Mrr:           -1.740000E+23
Mtt:           -1.320000E+24
Mpp:            1.500000E+24
Mrt:            3.100000E+22
Mrp:            5.170000E+23
Mtp:            4.030000E+23
