 PDE 2014 04 18 18 56 46.60   67.7000 -162.7000  26.9 5.7 5.6 NORTHERN ALASKA
event name:   C201404181856A
time shift:           1.3000
half duration:        1.8000
latitude:            67.8300
longitude:         -162.3200
depth:               21.1000
Mrr:           -5.160000E+24
Mtt:            3.890000E+24
Mpp:            1.270000E+24
Mrt:           -1.340000E+24
Mrp:            6.020000E+23
Mtp:           -1.180000E+24
