 PDE 2008 10 28 14 30 13.60   66.4100 -157.7300  15.3 4.9 4.8 NORTHERN ALASKA
event name:   C200810281430A
time shift:           2.7000
half duration:        0.7000
latitude:            66.4600
longitude:         -157.5700
depth:               16.3000
Mrr:           -1.140000E+23
Mtt:            1.470000E+23
Mpp:           -3.370000E+22
Mrt:           -3.820000E+22
Mrp:            5.160000E+22
Mtp:           -2.220000E+23
