 PDE 2014 07 18 05 33 26.00   67.5900 -161.7600  13.4 4.9 4.7 NORTHERN ALASKA
event name:   C201407180533A
time shift:           3.0000
half duration:        0.7000
latitude:            67.9400
longitude:         -162.1000
depth:               27.1000
Mrr:           -2.380000E+23
Mtt:            1.620000E+23
Mpp:            7.600000E+22
Mrt:            1.750000E+22
Mrp:            8.510000E+22
Mtp:           -1.270000E+23
