 PDE 2018 08 13 19 36 08.80   69.5500 -144.4600  17.3 4.9 4.7 NORTHERN ALASKA
event name:   C201808131936A
time shift:           3.8000
half duration:        0.7000
latitude:            69.6800
longitude:         -144.3600
depth:               15.0000
Mrr:           -1.500000E+22
Mtt:           -5.950000E+22
Mpp:            7.450000E+22
Mrt:            1.930000E+23
Mrp:           -1.110000E+23
Mtp:           -1.540000E+23
