 PDE 2014 05 03 09 57 08.40   67.7100 -162.5700  29.5 5.0 4.8 NORTHERN ALASKA
event name:   C201405030957A
time shift:           2.6000
half duration:        0.7000
latitude:            68.0500
longitude:         -162.6200
depth:               29.5000
Mrr:           -3.690000E+23
Mtt:            2.800000E+23
Mpp:            8.940000E+22
Mrt:            1.410000E+23
Mrp:            3.370000E+22
Mtp:           -1.070000E+23
