 PDE 2018 08 12 21 31 04.40   69.4700 -144.2400   5.5 5.0 5.0 NORTHERN ALASKA
event name:   S201808122131A
time shift:           3.6000
half duration:        0.8000
latitude:            69.6600
longitude:         -144.2600
depth:               12.0000
Mrr:           -6.380000E+22
Mtt:           -2.180000E+23
Mpp:            2.810000E+23
Mrt:            2.160000E+23
Mrp:            2.540000E+22
Mtp:           -3.230000E+23
