 PDE 2018 09 18 12 40 57.00   69.5100 -144.1600  10.8 5.1 5.0 NORTHERN ALASKA
event name:   C201809181240B
time shift:           6.5000
half duration:        0.8000
latitude:            69.6300
longitude:         -144.9400
depth:               13.2000
Mrr:           -4.720000E+22
Mtt:           -2.850000E+23
Mpp:            3.330000E+23
Mrt:            2.270000E+23
Mrp:            2.490000E+23
Mtp:           -2.280000E+23
