 PDE 2013 09 01 22 52 05.00   69.2000 -144.5300   1.9 4.8 4.8 NORTHERN ALASKA
event name:   C201309012252A
time shift:           2.0000
half duration:        0.6000
latitude:            69.2600
longitude:         -144.5200
depth:               17.0000
Mrr:            3.130000E+22
Mtt:           -1.570000E+23
Mpp:            1.260000E+23
Mrt:            5.900000E+21
Mrp:            3.360000E+22
Mtp:           -1.080000E+23
