 PDE 2019 04 16 05 07 46.90   66.3100 -157.2400   9.0 4.9 4.7 NORTHERN ALASKA
event name:   C201904160507A
time shift:           1.4000
half duration:        0.7000
latitude:            66.3400
longitude:         -157.3700
depth:               14.5000
Mrr:           -1.970000E+23
Mtt:            1.520000E+23
Mpp:            4.500000E+22
Mrt:           -5.200000E+21
Mrp:            6.150000E+22
Mtp:           -1.570000E+23
