 PDE 2020 03 18 15 31 33.90   66.3100 -157.2000  10.0 4.8 4.8 NORTHERN ALASKA
event name:   C202003181531A
time shift:           0.4000
half duration:        0.7000
latitude:            66.3100
longitude:         -157.3100
depth:               14.6000
Mrr:           -1.170000E+23
Mtt:            9.400000E+22
Mpp:            2.270000E+22
Mrt:            1.970000E+22
Mrp:            5.350000E+22
Mtp:           -2.190000E+23
