 PDE 2008 04 13 13 41 40.00   67.6500 -166.7400  10.0 5.2 5.1 BERING STRAIT
event name:   C200804131341A
time shift:           0.7000
half duration:        1.0000
latitude:            67.6800
longitude:         -166.7500
depth:               12.0000
Mrr:           -7.650000E+23
Mtt:            5.840000E+23
Mpp:            1.820000E+23
Mrt:           -1.860000E+23
Mrp:            2.000000E+23
Mtp:           -3.220000E+23
