 PDE 2012 02 21 13 50 42.60   67.7400 -167.0600  20.0 5.1 5.1 BERING STRAIT
event name:   C201202211350A
time shift:           1.1000
half duration:        0.9000
latitude:            67.6600
longitude:         -166.7100
depth:               12.0000
Mrr:           -5.280000E+23
Mtt:            4.130000E+23
Mpp:            1.150000E+23
Mrt:           -2.160000E+23
Mrp:            1.430000E+23
Mtp:           -2.500000E+23
