 PDE 2014 05 03 09 51 07.60   67.7000 -162.4600  26.8 5.0 5.0 NORTHERN ALASKA
event name:   C201405030951A
time shift:           2.4000
half duration:        0.7000
latitude:            67.8200
longitude:         -161.9700
depth:               22.0000
Mrr:           -3.460000E+23
Mtt:            3.050000E+23
Mpp:            4.110000E+22
Mrt:           -3.840000E+22
Mrp:           -3.380000E+22
Mtp:           -5.260000E+22
