 PDE 2018 08 12 16 02 09.30   69.5500 -144.9500   1.0 5.3 5.1 NORTHERN ALASKA
event name:   C201808121602B
time shift:           0.4000
half duration:        1.1000
latitude:            69.8300
longitude:         -144.6700
depth:               33.9000
Mrr:           -2.980000E+23
Mtt:            2.550000E+23
Mpp:            4.300000E+22
Mrt:            7.430000E+23
Mrp:           -4.800000E+22
Mtp:           -1.060000E+24
