 PDE 2019 07 02 18 17 07.70   66.2700 -157.1800   7.9 4.8 4.7 NORTHERN ALASKA
event name:   C201907021817A
time shift:           2.6000
half duration:        0.6000
latitude:            66.3500
longitude:         -157.2600
depth:               12.0000
Mrr:           -2.590000E+22
Mtt:            6.810000E+22
Mpp:           -4.220000E+22
Mrt:            4.330000E+22
Mrp:            8.380000E+22
Mtp:           -1.900000E+23
