 PDE 2018 10 14 23 53 14.80   67.7700 -156.4000  10.5 5.0 4.9 NORTHERN ALASKA
event name:   C201810142353A
time shift:           1.9000
half duration:        0.8000
latitude:            67.9400
longitude:         -156.1400
depth:               21.1000
Mrr:           -2.920000E+23
Mtt:            3.500000E+23
Mpp:           -5.760000E+22
Mrt:            5.480000E+22
Mrp:           -2.350000E+23
Mtp:           -1.730000E+23
