 PDE 2014 06 07 04 43 32.50   67.7800 -162.2900   4.0 5.8 5.8 NORTHERN ALASKA
event name:   C201406070443A
time shift:           2.8000
half duration:        1.9000
latitude:            67.8500
longitude:         -162.0700
depth:               12.0000
Mrr:           -5.090000E+24
Mtt:            4.660000E+24
Mpp:            4.300000E+23
Mrt:           -1.490000E+24
Mrp:           -3.730000E+23
Mtp:           -2.730000E+24
