XXXX 2014 9 22 14 41 0 -40.5405 175.9324 15.0 0 0 NORTH ISLAND, NEW ZEALAND
event name:	 2014p715167
time shift:	 0
half duration: 0
latorUTM:	 -40.5405
longorUTM:	 175.9324
depth:	15.0
Mrr:	-3.61567e+23
Mtt:	3.1239e+22
Mpp:	3.30328e+23
Mrt:	-1.5579e+23
Mrp:	-1.64387e+24
Mtp:	-3.7829e+23
