XXXX 2014 11 16 22 33 0 -37.5973 -179.8876 19.0 0 0 EAST OF NORTH ISLAND, N.Z.
event name:	 2014p864702
time shift:	 0
half duration: 0
latorUTM:	 -37.5973
longorUTM:	 -179.8876
depth:	19.0
Mrr:	-1.37501947e+26
Mtt:	3.3873072999999997e+25
Mpp:	1.03628874e+26
Mrt:	1.9208099e+25
Mrp:	2.7636222999999996e+25
Mtp:	9.3601013e+25
