XXXX 2014 1 20 2 52 0 -40.6206 175.865 21.0 0 0 NORTH ISLAND, NEW ZEALAND
event name:	 2014p051675
time shift:	 0
half duration: 0
latorUTM:	 -40.6206
longorUTM:	 175.865
depth:	21.0
Mrr:	-2.6342846999999997e+25
Mtt:	1.3211273000000001e+25
Mpp:	1.3131573999999998e+25
Mrt:	8.127196e+24
Mrp:	1.8411282999999999e+25
Mtp:	1.1177285000000001e+25
