XXXX 2014 3 31 1 1 0 -39.9703 176.5519 20.0 0 0 NORTH ISLAND, NEW ZEALAND
event name:	 2014p240655
time shift:	 0
half duration: 0
latorUTM:	 -39.9703
longorUTM:	 176.5519
depth:	20.0
Mrr:	7.83167e+23
Mtt:	1.3677e+22
Mpp:	-7.96844e+23
Mrt:	-3.9723e+22
Mrp:	1.43182e+23
Mtp:	-2.3493200000000003e+23
