XXXX 2015 11 1 5 42 0 -39.4049 175.9535 60.0 0 0 NORTH ISLAND, NEW ZEALAND
event name:	 2015p822263
time shift:	 0
half duration: 0
latorUTM:	 -39.4049
longorUTM:	 175.9535
depth:	60.0
Mrr:	-3.99043e+23
Mtt:	5.56912e+23
Mpp:	-1.5787e+23
Mrt:	8.73717e+23
Mrp:	6.090520000000001e+23
Mtp:	1.2284999999999999e+22
