 PDE 2019 03 06 21 33 14.00   66.3100 -157.2200   9.1 5.3 5.2 NORTHERN ALASKA
event name:   C201903062133A
time shift:           3.0000
half duration:        1.1000
latitude:            66.3800
longitude:         -157.1000
depth:               17.7000
Mrr:           -3.060000E+23
Mtt:            5.530000E+23
Mpp:           -2.470000E+23
Mrt:            2.390000E+23
Mrp:            1.800000E+23
Mtp:           -9.200000E+23
