 PDE 2018 08 12 21 15 01.80   69.5200 -144.3600   1.7 6.0 6.0 NORTHERN ALASKA
event name:   C201808122115A
time shift:           2.3000
half duration:        2.5000
latitude:            69.6800
longitude:         -144.2300
depth:               15.3000
Mrr:           -1.380000E+24
Mtt:           -7.240000E+24
Mpp:            8.620000E+24
Mrt:            2.150000E+24
Mrp:           -2.490000E+24
Mtp:           -1.010000E+25
