 PDE 2019 07 03 04 38 22.60   69.1200 -144.6900  13.9 5.3 5.1 NORTHERN ALASKA
event name:   C201907030438A
time shift:           3.4000
half duration:        1.1000
latitude:            69.3200
longitude:         -144.6700
depth:               21.4000
Mrr:           -1.590000E+23
Mtt:           -7.000000E+21
Mpp:            1.660000E+23
Mrt:            5.240000E+23
Mrp:            7.500000E+22
Mtp:           -9.350000E+23
