 PDE 2014 04 19 08 49 01.00   67.6800 -162.4800  17.5 5.0 4.6 NORTHERN ALASKA
event name:   C201404190849A
time shift:           2.4000
half duration:        0.7000
latitude:            67.7500
longitude:         -162.2500
depth:               18.2000
Mrr:           -3.400000E+23
Mtt:            2.850000E+23
Mpp:            5.530000E+22
Mrt:           -1.650000E+23
Mrp:           -3.840000E+22
Mtp:           -1.490000E+23
