 PDE 2014 06 16 12 01 08.30   67.6900 -162.2500  10.0 5.7 5.7 NORTHERN ALASKA
event name:   C201406161201A
time shift:           2.2000
half duration:        1.7000
latitude:            67.8400
longitude:         -162.1600
depth:               12.0000
Mrr:           -3.470000E+24
Mtt:            2.900000E+24
Mpp:            5.730000E+23
Mrt:            6.030000E+23
Mrp:            1.450000E+24
Mtp:           -2.200000E+24
