 PDE 2014 04 18 18 44 18.00   67.7200 -162.6700  23.4 5.7 5.6 NORTHERN ALASKA
event name:   C201404181844A
time shift:           2.2000
half duration:        1.8000
latitude:            67.8000
longitude:         -162.3000
depth:               18.8000
Mrr:           -4.620000E+24
Mtt:            3.740000E+24
Mpp:            8.760000E+23
Mrt:           -8.800000E+23
Mrp:            9.820000E+23
Mtp:           -1.730000E+24
