 PDE 2006 02 05 16 43 32.30   66.3200 -142.5500   1.8 5.1 4.6 NORTHERN ALASKA
event name:   C200602051643A
time shift:           3.3000
half duration:        0.9000
latitude:            66.4400
longitude:         -142.2300
depth:               17.3000
Mrr:           -1.760000E+23
Mtt:           -4.450000E+23
Mpp:            6.220000E+23
Mrt:           -1.170000E+23
Mrp:            2.360000E+23
Mtp:            2.170000E+23
