 PDE 2019 10 18 13 08 59.80   66.3400 -157.2900   6.3 5.2 5.2 NORTHERN ALASKA
event name:   C201910181309A
time shift:           2.8000
half duration:        1.0000
latitude:            66.4200
longitude:         -157.2400
depth:               13.9000
Mrr:           -3.670000E+23
Mtt:            6.490000E+23
Mpp:           -2.820000E+23
Mrt:            2.640000E+23
Mrp:            2.250000E+23
Mtp:           -6.710000E+23
