 PDE 2019 10 18 00 58 28.30   66.3000 -157.2200   6.3 5.4 5.4 NORTHERN ALASKA
event name:   C201910180058A
time shift:           4.8000
half duration:        1.3000
latitude:            66.3700
longitude:         -157.1300
depth:               12.0000
Mrr:           -7.270000E+23
Mtt:            1.000000E+24
Mpp:           -2.770000E+23
Mrt:            3.610000E+23
Mrp:            2.550000E+23
Mtp:           -1.570000E+24
