 PDE 2014 05 03 08 57 12.00   67.6300 -162.2100   0.9 5.7 5.7 NORTHERN ALASKA
event name:   C201405030857A
time shift:           5.2000
half duration:        1.7000
latitude:            67.8400
longitude:         -162.1800
depth:               12.0000
Mrr:           -3.730000E+24
Mtt:            3.040000E+24
Mpp:            6.830000E+23
Mrt:           -1.900000E+23
Mrp:            9.060000E+23
Mtp:           -2.090000E+24
