 PDE 2010 11 07 00 43 23.60   69.1900 -146.2200  13.7 5.1 5.3 NORTHERN ALASKA
event name:   C201011070043A
time shift:           1.9000
half duration:        0.9000
latitude:            69.3900
longitude:         -146.3100
depth:               20.9000
Mrr:            1.550000E+22
Mtt:           -1.740000E+23
Mpp:            1.580000E+23
Mrt:            9.860000E+22
Mrp:            1.690000E+23
Mtp:           -5.930000E+23
