 PDE 2019 02 10 13 35 48.30   66.3100 -157.2300   7.7 4.8 4.7 NORTHERN ALASKA
event name:   C201902101335A
time shift:           2.4000
half duration:        0.6000
latitude:            66.3400
longitude:         -157.1900
depth:               17.6000
Mrr:           -8.370000E+22
Mtt:            1.020000E+23
Mpp:           -1.860000E+22
Mrt:            2.600000E+22
Mrp:            9.500000E+22
Mtp:           -1.890000E+23
