 PDE 2007 04 28 05 20 30.20   69.6400 -144.8200  10.0 4.9 5.0 NORTHERN ALASKA
event name:   C200704280520A
time shift:           3.0000
half duration:        0.7000
latitude:            69.6900
longitude:         -144.8800
depth:               13.5000
Mrr:           -1.360000E+22
Mtt:           -1.500000E+23
Mpp:            1.640000E+23
Mrt:            7.850000E+22
Mrp:           -5.670000E+22
Mtp:           -2.160000E+23
